0.027519702911376953
0.01951456069946289
0.017256498336791992
0.0203399658203125
0.02637505531311035
0.020191669464111328
0.027999162673950195
0.02499985694885254
0.02101302146911621
0.014004945755004883
0.019002199172973633
0.012301445007324219
0.012830495834350586
0.030704021453857422
0.02211451530456543
0.0359797477722168
0.01591777801513672
0.04096555709838867
0.018003463745117188
0.03400135040283203
0.02399897575378418
0.049001455307006836
0.028005599975585938
0.03278398513793945
0.03907322883605957
0.04004931449890137
0.05099797248840332
0.045408010482788086
0.03851723670959473
0.05500054359436035
0.04600095748901367
0.040999412536621094
0.024997949600219727
0.03599977493286133
0.03903913497924805
0.03720712661743164
0.024010658264160156
0.02236032485961914
0.02399301528930664
0.03200268745422363
0.03875303268432617
0.03400278091430664
0.04149317741394043
0.039742469787597656
0.06174349784851074
0.04001283645629883
0.07523226737976074
0.022003889083862305
0.028522491455078125
0.0391545295715332
0.025011301040649414
0.03700113296508789
0.03572487831115723
0.026005983352661133
0.017997026443481445
0.01800060272216797
0.01599860191345215
0.028005599975585938
0.028012514114379883
0.0355222225189209
0.018004894256591797
0.03483271598815918
0.024000167846679688
0.019994497299194336
0.020486116409301758
0.020524263381958008
0.022922515869140625
0.02751016616821289
0.03753018379211426
0.008999824523925781
0.01400303840637207
0.014001131057739258
0.020000696182250977
0.025565385818481445
0.025001049041748047
0.04045581817626953
0.0355372428894043
0.016089439392089844
0.018523454666137695
0.01853156089782715
0.03694009780883789
0.027998924255371094
0.04452657699584961
0.022525310516357422
0.040778160095214844
0.03515195846557617
0.04652738571166992
0.02651691436767578
0.0195159912109375
0.021998882293701172
0.020998477935791016
0.02500128746032715
0.023000717163085938
0.021077871322631836
0.027005434036254883
0.03135371208190918
0.022005081176757812
0.022002458572387695
0.03300189971923828
0.031998395919799805
0.0267789363861084
0.018739938735961914
0.021517038345336914
0.03399372100830078
0.028250932693481445
0.01881098747253418
0.04599428176879883
0.031004905700683594
0.017999887466430664
0.02899765968322754
0.022368907928466797
0.030996084213256836
0.016012191772460938
0.027515649795532227
0.03553342819213867
0.025000810623168945
0.0345308780670166
0.023999691009521484
0.01652073860168457
0.02300262451171875
0.07751703262329102
0.013000965118408203
0.028995513916015625
0.05600786209106445
0.019999980926513672
0.017000913619995117
0.02152562141418457
0.060201168060302734
0.016001462936401367
0.02051520347595215
0.18593811988830566
0.025516986846923828
0.03351187705993652
0.016448974609375
0.01400303840637207
0.026000261306762695
0.03438448905944824
0.020007848739624023
0.01299905776977539
0.03499579429626465
0.029502153396606445
0.024999380111694336
0.036005258560180664
0.02051568031311035
0.01800227165222168
0.036004066467285156
0.028001785278320312
0.019537687301635742
0.04700779914855957
0.025998353958129883
0.015002965927124023
0.019524574279785156
0.11652064323425293
0.019002437591552734
0.019997358322143555
0.01804947853088379
0.11595821380615234
0.028000593185424805
0.013010978698730469
0.020182371139526367
0.13387370109558105
0.02057027816772461
0.017357826232910156
0.02300095558166504
0.023000001907348633
0.09786796569824219
0.029996871948242188
0.03467273712158203
0.026004552841186523
0.018573760986328125
0.016514062881469727
0.01999497413635254
0.018006324768066406
0.024501562118530273
0.014452695846557617
0.02200484275817871
0.028510332107543945
0.017047405242919922
0.022029638290405273
0.023994922637939453
0.02651071548461914
0.019522666931152344
0.020064830780029297
0.01749253273010254
0.02100849151611328
0.020515918731689453
0.021005630493164062
0.02107548713684082
0.021457672119140625
0.019001007080078125
0.021245479583740234
0.01699209213256836
0.028765439987182617
0.030521392822265625
0.012000322341918945
0.04046511650085449
0.0230104923248291
0.025482654571533203
0.02092742919921875
0.024013042449951172
0.01700615882873535
0.02046489715576172
0.018006086349487305
0.04523515701293945
0.03600478172302246
0.045998334884643555
0.023000001907348633
0.03299999237060547
0.02799677848815918
0.027001619338989258
0.0145111083984375
0.032010555267333984
0.029995441436767578
0.01300048828125
0.0409998893737793
0.032012939453125
0.023062705993652344
0.02599954605102539
0.032996416091918945
0.014008522033691406
0.034001827239990234
0.05293679237365723
0.043519020080566406
0.019637584686279297
0.03299665451049805
0.021000146865844727
0.02399611473083496
0.024087190628051758
0.027517080307006836
0.019517898559570312
0.02051568031311035
0.024000167846679688
0.025997638702392578
0.03204607963562012
0.03500223159790039
0.036000967025756836
0.03199362754821777
0.029519081115722656
0.03301262855529785
0.06726598739624023
0.03200173377990723
0.06800484657287598
0.07400774955749512
0.03353285789489746
0.022002220153808594
0.026454448699951172
0.032525062561035156
0.03599905967712402
0.03199958801269531
0.033525705337524414
0.05951642990112305
0.029481172561645508
0.04000449180603027
0.02701091766357422
0.03799867630004883
0.027122974395751953
0.04852151870727539
0.042525291442871094
0.031002044677734375
0.019521474838256836
0.0175173282623291
0.011001348495483398
0.03600287437438965
0.01900458335876465
0.03711342811584473
0.024994373321533203
0.018995285034179688
0.03400611877441406
0.020534753799438477
0.025521039962768555
0.040532588958740234
0.031519412994384766
0.05251431465148926
0.01990032196044922
0.009969472885131836
0.02300095558166504
0.02200174331665039
0.025528907775878906
0.03353476524353027
0.016007184982299805
0.03247785568237305
0.03700399398803711
0.023517608642578125
0.015044689178466797
0.020997285842895508
0.03100132942199707
0.019001007080078125
0.022015810012817383
0.026999473571777344
0.024000167846679688
0.022098302841186523
0.0250089168548584
0.022998809814453125
0.020000696182250977
0.031531572341918945
0.017009258270263672
0.023998260498046875
0.02903604507446289
0.022146224975585938
0.038712501525878906
0.027997255325317383
0.03254866600036621
0.03300905227661133
0.02501654624938965
0.054625511169433594
0.025005340576171875
0.04852581024169922
0.01399993896484375
0.03344583511352539
0.03752636909484863
0.020000457763671875
0.027930259704589844
0.03101634979248047
0.028999805450439453
0.04506969451904297
0.045517921447753906
0.03200411796569824
0.03708624839782715
0.02599787712097168
0.061521291732788086
0.037894248962402344
0.03100109100341797
0.01399993896484375
0.03692030906677246
0.04900002479553223
0.012973308563232422
0.03352642059326172
0.027530193328857422
0.020998001098632812
0.049529314041137695
0.03401350975036621
0.028609037399291992
0.04752349853515625
0.015072107315063477
0.02200913429260254
0.06052660942077637
0.01599717140197754
0.029994487762451172
0.03599977493286133
0.019995450973510742
0.03652381896972656
0.03901863098144531
0.040514230728149414
0.04183053970336914
0.03651595115661621
0.026002883911132812
0.035524606704711914
0.032000064849853516
0.03799700736999512
0.025548219680786133
0.02499532699584961
0.021012067794799805
0.026006221771240234
0.04480910301208496
0.0180056095123291
0.019240379333496094
0.041001319885253906
0.014998674392700195
0.025789499282836914
0.06152486801147461
0.025830507278442383
0.06541967391967773
0.06100964546203613
0.05052351951599121
0.04936337471008301
0.018907546997070312
0.019176721572875977
0.04400634765625
0.029000520706176758
0.03900504112243652
0.0260012149810791
0.023409128189086914
0.03500723838806152
0.02501201629638672
0.014009714126586914
0.02100086212158203
0.03498411178588867
0.012437582015991211
0.019002199172973633
0.02752685546875
0.022012948989868164
0.02502894401550293
0.019044160842895508
0.031018972396850586
0.01153111457824707
0.024011850357055664
