0.026001453399658203
0.04551124572753906
0.016995906829833984
0.04774022102355957
0.028275251388549805
0.09356045722961426
0.019503355026245117
0.11853408813476562
0.016903400421142578
0.05520272254943848
0.031156539916992188
0.026999235153198242
0.04851675033569336
0.03400087356567383
0.02599930763244629
0.03800034523010254
0.028995037078857422
0.040259599685668945
0.031005382537841797
0.027001142501831055
0.02503371238708496
0.0370023250579834
0.022351741790771484
0.021006107330322266
0.037004947662353516
0.033510684967041016
0.022688865661621094
0.037122488021850586
0.03801298141479492
0.027001380920410156
0.028870344161987305
0.02400970458984375
0.05267190933227539
0.01900649070739746
0.03768444061279297
0.03366732597351074
0.023520231246948242
0.019107580184936523
0.0190277099609375
0.03800487518310547
0.02700042724609375
0.04458117485046387
0.014084577560424805
0.031003713607788086
0.03563642501831055
0.026000499725341797
0.01891779899597168
0.030591964721679688
0.0350039005279541
0.013695716857910156
0.01652240753173828
0.03223609924316406
0.04371142387390137
0.021518230438232422
0.016011953353881836
0.032670021057128906
0.024942874908447266
0.027965545654296875
0.03589320182800293
0.035010576248168945
0.021123409271240234
0.014620780944824219
0.021999120712280273
0.03253650665283203
0.04664206504821777
0.03568577766418457
0.020003080368041992
0.02201080322265625
0.025333642959594727
0.02592301368713379
0.04320693016052246
0.03551769256591797
0.025937557220458984
0.02010488510131836
0.024340391159057617
0.029004812240600586
0.14884591102600098
0.019508838653564453
0.0410001277923584
0.04193878173828125
0.025319814682006836
0.019598960876464844
0.02059483528137207
0.02353072166442871
0.015022993087768555
0.04822564125061035
0.0417933464050293
0.030605316162109375
0.027017831802368164
0.029999494552612305
0.02377176284790039
0.047872304916381836
0.035391807556152344
0.038376569747924805
0.015008926391601562
0.021001577377319336
0.022658586502075195
0.0457608699798584
0.02150893211364746
0.0490109920501709
0.03690218925476074
0.027683496475219727
0.014761924743652344
0.01624321937561035
0.02301812171936035
0.026519298553466797
0.02600836753845215
0.04014444351196289
0.02123427391052246
0.03600430488586426
0.023901939392089844
0.021523714065551758
0.02752542495727539
0.024142026901245117
0.01279139518737793
0.042525529861450195
0.031000137329101562
0.02699565887451172
0.02109360694885254
0.02215862274169922
0.021281003952026367
0.024703502655029297
0.02624797821044922
0.030707836151123047
0.03513312339782715
0.03299832344055176
0.01995110511779785
0.01900482177734375
0.024068593978881836
0.025007009506225586
0.023905277252197266
0.03414034843444824
0.0220029354095459
0.03715085983276367
0.02106189727783203
0.03053903579711914
0.023558616638183594
0.023998737335205078
0.02234482765197754
0.030434846878051758
0.02069568634033203
0.035054922103881836
0.027968645095825195
0.021948575973510742
0.024973392486572266
0.023908376693725586
0.026770353317260742
0.033324241638183594
0.025006532669067383
0.031511783599853516
0.01930689811706543
0.022055625915527344
0.026700735092163086
0.02499866485595703
0.025583982467651367
0.030005216598510742
0.03089118003845215
0.033090829849243164
0.020999670028686523
0.022482872009277344
0.02389383316040039
0.026279687881469727
0.02399587631225586
0.0590059757232666
0.031094789505004883
0.028656482696533203
0.0274813175201416
0.021802186965942383
0.02700018882751465
0.011917829513549805
0.021177053451538086
0.027872085571289062
0.037012577056884766
0.04300236701965332
0.022927045822143555
0.023141860961914062
0.022490978240966797
0.019925832748413086
0.020087242126464844
0.03099989891052246
0.05560803413391113
0.03256106376647949
0.019002914428710938
0.02158379554748535
0.032833099365234375
0.01918649673461914
0.021003007888793945
0.03349614143371582
0.03709721565246582
0.04018521308898926
0.019995927810668945
0.02200460433959961
0.02349066734313965
0.01906728744506836
0.018291950225830078
0.030878305435180664
0.0370030403137207
0.04151558876037598
0.015003442764282227
0.017721176147460938
0.023038864135742188
0.022005319595336914
0.018681049346923828
0.025428295135498047
0.03206992149353027
0.042140960693359375
0.036025285720825195
0.013625383377075195
0.0212857723236084
0.028743267059326172
0.02452373504638672
0.02600407600402832
0.05000424385070801
0.025729894638061523
0.015005111694335938
0.023591041564941406
0.04688906669616699
0.020999908447265625
0.03826570510864258
0.02444934844970703
0.026567459106445312
0.015284061431884766
0.030003070831298828
0.0239410400390625
0.03192424774169922
0.02505207061767578
0.022518396377563477
0.027005910873413086
0.0299990177154541
0.018520355224609375
0.018001794815063477
0.02052140235900879
0.02399921417236328
0.029911041259765625
0.04153180122375488
0.019035816192626953
0.02599811553955078
0.013136625289916992
0.019424915313720703
0.03249812126159668
0.04114341735839844
0.01251983642578125
0.01551365852355957
0.04236936569213867
0.03208303451538086
0.017510414123535156
0.016043901443481445
0.034284353256225586
0.04660797119140625
0.0165255069732666
0.019976139068603516
0.02504277229309082
0.025248289108276367
0.03598952293395996
0.02618575096130371
0.018736839294433594
0.02748894691467285
0.04707789421081543
0.032485008239746094
0.0321965217590332
0.01848125457763672
0.015494585037231445
0.018323183059692383
0.02200770378112793
0.024998188018798828
0.03325343132019043
0.01712656021118164
0.0161287784576416
0.03593850135803223
0.023512601852416992
0.028866291046142578
0.017023086547851562
0.02478194236755371
0.018771886825561523
0.03600049018859863
0.019841432571411133
0.028004884719848633
0.024232149124145508
0.020175933837890625
0.02000141143798828
0.038048505783081055
0.020273685455322266
0.04801344871520996
0.019524097442626953
0.02692890167236328
0.026003360748291016
0.018999099731445312
0.015592098236083984
0.03302502632141113
0.018573760986328125
0.016582965850830078
0.022597074508666992
0.04239606857299805
0.0195310115814209
0.017222881317138672
0.025692462921142578
0.03397703170776367
0.021907567977905273
0.023933887481689453
0.020001649856567383
0.03100109100341797
0.020067453384399414
0.02455449104309082
0.015947341918945312
0.015538692474365234
0.01847529411315918
0.019632339477539062
0.043540000915527344
0.02692389488220215
0.02563929557800293
0.01608729362487793
0.019568204879760742
0.01701068878173828
0.024948835372924805
0.012058258056640625
0.02645087242126465
0.028610944747924805
0.030595064163208008
0.023534297943115234
0.020003795623779297
0.01600337028503418
0.020006895065307617
0.018949508666992188
0.028402090072631836
0.013628721237182617
0.03730177879333496
0.01921224594116211
0.023006916046142578
0.022048473358154297
0.024008512496948242
0.021143436431884766
0.025516748428344727
0.02615499496459961
0.023183107376098633
0.016576290130615234
0.040589094161987305
0.017374753952026367
0.026087284088134766
0.019000530242919922
0.037305593490600586
0.023610353469848633
0.02086949348449707
0.03313398361206055
0.026468753814697266
0.01197361946105957
0.025276660919189453
0.02691650390625
0.018531322479248047
0.02505803108215332
0.02791571617126465
0.01900172233581543
0.024446725845336914
0.019594907760620117
0.027007579803466797
0.04945564270019531
0.019524574279785156
0.022073745727539062
0.0179135799407959
0.030013561248779297
0.018129587173461914
0.0201871395111084
0.04400134086608887
0.03064441680908203
0.020514249801635742
0.023196697235107422
0.019916534423828125
0.02369523048400879
0.04562187194824219
0.018912315368652344
0.03267407417297363
0.014338016510009766
0.022122621536254883
0.022798538208007812
0.021002531051635742
0.03491353988647461
0.02642345428466797
0.01795220375061035
0.027366161346435547
0.020524263381958008
0.01891040802001953
0.020312786102294922
0.020402908325195312
0.0445253849029541
0.022942543029785156
0.027003049850463867
0.019556522369384766
0.028928518295288086
0.043044328689575195
0.02351975440979004
0.025450944900512695
0.015004158020019531
0.01351785659790039
0.03225970268249512
0.0386350154876709
0.022784948348999023
0.027569293975830078
0.015285491943359375
0.015336036682128906
0.05747056007385254
0.020514965057373047
0.0249483585357666
0.024919748306274414
0.024997949600219727
0.024288415908813477
0.022000789642333984
0.02039623260498047
0.026842117309570312
0.03391313552856445
0.024526119232177734
0.017645597457885742
0.022206783294677734
0.0192263126373291
0.01799917221069336
0.035344600677490234
0.022519588470458984
0.015903234481811523
0.030595779418945312
0.028612613677978516
0.013994932174682617
0.02907562255859375
0.014461517333984375
0.015516042709350586
0.01652383804321289
0.030827045440673828
0.011014223098754883
0.032022714614868164
0.04719853401184082
0.030285358428955078
0.010567188262939453
0.02709031105041504
0.014099597930908203
0.029224157333374023
0.014150142669677734
0.030693531036376953
0.043617963790893555
0.021003007888793945
0.014999151229858398
0.036490440368652344
0.02800154685974121
0.015616893768310547
0.012808799743652344
0.023440122604370117
0.022497892379760742
0.020521879196166992
0.018987655639648438
0.03251290321350098
0.029918432235717773
0.029004335403442383
0.034185171127319336
0.020930051803588867
0.026641130447387695
0.014221906661987305
0.02500128746032715
0.014000415802001953
0.020966053009033203
0.03303217887878418
0.018730640411376953
0.01300191879272461
0.029934167861938477
0.046175241470336914
0.012445688247680664
0.012003183364868164
0.025374650955200195
0.027005910873413086
0.020647048950195312
0.014145851135253906
0.02197551727294922
0.03143000602722168
0.029328584671020508
0.037001848220825195
0.01807880401611328
0.025141477584838867
0.015189170837402344
0.015867948532104492
0.030905961990356445
0.03493452072143555
0.017518043518066406
0.016663789749145508
0.01241922378540039
0.03645896911621094
0.03729510307312012
0.011905431747436523
0.013278722763061523
0.01877284049987793
0.018877267837524414
0.022422075271606445
0.011603355407714844
0.032828330993652344
0.01661539077758789
0.025920391082763672
0.022003650665283203
0.04360008239746094
0.03255796432495117
0.02892899513244629
0.03600192070007324
0.012563943862915039
0.016401290893554688
0.022114992141723633
0.05071663856506348
0.013057231903076172
0.018032312393188477
0.025540590286254883
0.013025760650634766
0.013475894927978516
0.010940313339233398
0.020999670028686523
0.028301000595092773
0.041548728942871094
0.02101898193359375
0.023763418197631836
0.024008512496948242
0.0366826057434082
0.0233154296875
0.029211997985839844
0.015702247619628906
0.025162220001220703
0.025599002838134766
0.03600668907165527
0.0416409969329834
0.019769668579101562
0.027004003524780273
0.010997772216796875
0.05252647399902344
0.020420074462890625
0.02448248863220215
0.0429997444152832
0.01951885223388672
0.019999980926513672
0.014515161514282227
0.01699995994567871
0.03951597213745117
0.07153058052062988
0.014756202697753906
0.024012088775634766
0.048444271087646484
0.02900528907775879
0.020083904266357422
0.032006025314331055
0.022998571395874023
0.025999069213867188
0.030999422073364258
0.01752328872680664
0.02300858497619629
0.022003889083862305
0.04010200500488281
0.022015094757080078
0.0359959602355957
0.04590559005737305
0.03151750564575195
0.04505205154418945
0.01900959014892578
0.03671741485595703
0.0304410457611084
0.021038055419921875
0.014005899429321289
0.04200434684753418
0.019001007080078125
0.03153371810913086
0.023531198501586914
0.015524864196777344
0.02751445770263672
0.036516666412353516
0.033013105392456055
0.02500009536743164
0.047000885009765625
0.026520252227783203
0.03252720832824707
0.0330049991607666
0.0345301628112793
0.03652763366699219
0.04751849174499512
0.028010845184326172
0.03352475166320801
0.0345308780670166
0.040010929107666016
0.04752922058105469
0.02951359748840332
0.03200364112854004
0.04099631309509277
0.053517818450927734
0.023511648178100586
0.03789997100830078
0.05578970909118652
0.04839277267456055
0.024653196334838867
0.03258705139160156
0.05503964424133301
0.04867124557495117
0.028567075729370117
0.016552209854125977
0.031068801879882812
0.04581332206726074
0.03773999214172363
0.03847241401672363
0.029051780700683594
0.01789402961730957
0.022049903869628906
0.052138328552246094
0.05764484405517578
0.04816174507141113
0.03458762168884277
0.023038625717163086
0.01800060272216797
0.036002397537231445
0.04580950736999512
0.017516613006591797
0.04520821571350098
0.025305747985839844
0.023524761199951172
0.020002365112304688
0.04000377655029297
0.04400897026062012
0.02210688591003418
0.05552363395690918
0.03401470184326172
0.01999807357788086
0.024008750915527344
0.0359652042388916
0.046100616455078125
0.025985240936279297
0.052600860595703125
0.03514385223388672
0.02152848243713379
0.030443191528320312
0.032991647720336914
0.045005083084106445
0.021007061004638672
0.04600262641906738
0.029999732971191406
0.018078327178955078
0.020004749298095703
0.03507709503173828
0.05775713920593262
0.021570444107055664
0.04399871826171875
0.029150724411010742
0.020563364028930664
0.023102760314941406
0.034995317459106445
0.03995871543884277
0.021000385284423828
0.05010056495666504
0.03335428237915039
0.019497156143188477
0.03394317626953125
0.0449979305267334
0.02252197265625
0.013654232025146484
0.046999454498291016
0.028153181076049805
0.03200340270996094
0.04540586471557617
0.02228713035583496
0.01375436782836914
0.05120038986206055
0.026998281478881836
0.03592252731323242
0.04552578926086426
0.02184581756591797
0.019004344940185547
0.048998355865478516
0.031472206115722656
0.0336611270904541
0.05109858512878418
0.022997617721557617
0.016994714736938477
0.04200100898742676
0.03301072120666504
0.032002925872802734
0.04300117492675781
0.021998167037963867
0.0461583137512207
0.018012046813964844
0.029999971389770508
0.0409998893737793
0.04300522804260254
0.018579483032226562
0.059404611587524414
0.02133464813232422
0.03299593925476074
0.03252840042114258
0.043416738510131836
0.04852747917175293
0.018997907638549805
0.030865192413330078
0.032227277755737305
0.04112529754638672
0.044528961181640625
0.017802715301513672
0.027463674545288086
0.030431032180786133
0.04200911521911621
0.015183687210083008
0.0475313663482666
0.02943253517150879
0.03000020980834961
0.03552675247192383
0.013996362686157227
0.05051088333129883
0.029946565628051758
0.04250645637512207
0.04582953453063965
0.01609492301940918
0.04423213005065918
0.02800273895263672
0.03393983840942383
0.04476308822631836
0.017910003662109375
0.04524731636047363
0.027522802352905273
0.03857254981994629
0.038521528244018555
0.022997617721557617
0.043018341064453125
0.028998374938964844
0.02842569351196289
0.03600025177001953
0.027554750442504883
0.04200339317321777
0.016965627670288086
0.028823137283325195
0.03664255142211914
0.04052019119262695
0.034017324447631836
0.039003849029541016
0.014522314071655273
0.02899956703186035
0.031002044677734375
0.04026603698730469
0.03553366661071777
0.017365455627441406
0.027999162673950195
0.03150510787963867
0.03969550132751465
0.04501700401306152
0.01900768280029297
0.02772378921508789
0.03359055519104004
0.04299116134643555
0.0449984073638916
0.01700425148010254
0.027965068817138672
0.03200030326843262
0.037506103515625
0.04253506660461426
0.01765275001525879
0.025897741317749023
0.03199911117553711
0.04341936111450195
0.03905153274536133
0.029001712799072266
0.032701969146728516
0.040776968002319336
0.06252884864807129
0.026673078536987305
0.03198695182800293
0.04000210762023926
0.0459437370300293
0.02800297737121582
0.042916059494018555
0.039972782135009766
0.042798519134521484
0.02876114845275879
0.03165888786315918
0.03600049018859863
0.03733181953430176
0.027624130249023438
0.032004356384277344
0.035967350006103516
0.04065704345703125
0.04042816162109375
0.029793739318847656
0.0390012264251709
0.036004066467285156
0.025103092193603516
0.030010700225830078
0.03799796104431152
0.0438690185546875
0.028517484664916992
0.031055688858032227
0.04200291633605957
0.042315006256103516
0.014641046524047852
0.019594430923461914
0.035089969635009766
0.022735118865966797
0.011750221252441406
0.022292375564575195
0.013919353485107422
0.02600860595703125
0.02499866485595703
0.037454843521118164
0.012073755264282227
0.04408764839172363
0.01600193977355957
0.028019189834594727
0.025003910064697266
0.025007009506225586
0.01592731475830078
0.025008678436279297
0.021602630615234375
0.015998363494873047
0.022763967514038086
0.014115333557128906
0.024518489837646484
0.029567480087280273
0.014153242111206055
0.02742147445678711
0.022005081176757812
0.02869248390197754
0.021324634552001953
0.03604865074157715
0.018686771392822266
0.02492380142211914
0.014678955078125
0.010711431503295898
0.03130006790161133
0.013789176940917969
0.022810935974121094
0.022938251495361328
0.012825489044189453
0.016966819763183594
0.03391432762145996
0.02700209617614746
0.018179893493652344
0.020447492599487305
0.022001266479492188
0.022143840789794922
0.02201533317565918
0.033682823181152344
0.019002914428710938
0.026076078414916992
0.01987481117248535
0.02289128303527832
0.02852177619934082
0.01664590835571289
0.02100539207458496
0.017514467239379883
0.03000164031982422
0.034570932388305664
0.04288148880004883
0.024911165237426758
0.013756275177001953
0.019888877868652344
0.025966644287109375
0.027522563934326172
0.030193328857421875
0.0397336483001709
0.028357267379760742
0.01400446891784668
0.024485111236572266
0.019327640533447266
0.031002283096313477
0.019277572631835938
0.0205233097076416
0.032192230224609375
0.019257068634033203
0.03553581237792969
0.01508474349975586
0.014665365219116211
0.021236419677734375
0.02556753158569336
0.024128437042236328
0.03401064872741699
0.043111562728881836
0.0279996395111084
0.035509586334228516
0.02451777458190918
0.02240920066833496
0.017861604690551758
0.019009828567504883
0.023667097091674805
0.023604154586791992
0.030652523040771484
0.028031587600708008
0.020009756088256836
0.019000530242919922
0.0254056453704834
0.027001619338989258
0.01873016357421875
0.03701066970825195
0.013437032699584961
0.030994892120361328
0.025547504425048828
0.030537843704223633
0.04158663749694824
0.02952122688293457
0.031406402587890625
0.008186101913452148
0.008006095886230469
0.012847423553466797
0.02300286293029785
0.017954349517822266
0.017071962356567383
0.031000137329101562
0.011002779006958008
0.025879859924316406
0.025585412979125977
0.021837711334228516
0.03400063514709473
0.04300236701965332
0.02396988868713379
0.03179001808166504
0.020246267318725586
0.022000789642333984
0.0324549674987793
0.031036376953125
0.02100539207458496
0.03353738784790039
0.028003692626953125
0.01701211929321289
0.017528057098388672
0.030430316925048828
0.021004676818847656
0.011100292205810547
0.018177270889282227
0.011219501495361328
0.025541305541992188
0.025743484497070312
0.017374515533447266
0.031013965606689453
0.01935124397277832
0.016904830932617188
0.019916534423828125
0.02199077606201172
0.025342464447021484
0.02347421646118164
0.019916296005249023
0.03377962112426758
0.033624887466430664
0.0203704833984375
0.03701186180114746
0.029706954956054688
0.016904830932617188
0.01748514175415039
0.018000364303588867
0.03270721435546875
0.029723644256591797
0.015021562576293945
0.021004915237426758
0.015003204345703125
0.02881622314453125
0.014003276824951172
0.025460481643676758
0.03267645835876465
0.03000640869140625
0.016217947006225586
0.015929222106933594
0.020628690719604492
0.02851414680480957
0.033116817474365234
0.021970510482788086
0.026522397994995117
0.027403831481933594
0.012244939804077148
0.016896724700927734
0.022542715072631836
0.017950773239135742
0.012270689010620117
0.019502878189086914
0.0226743221282959
0.029005050659179688
0.01526188850402832
0.014907121658325195
0.02761077880859375
0.011518001556396484
0.02788567543029785
0.025518178939819336
0.031010150909423828
0.012529611587524414
0.02043890953063965
0.021999120712280273
0.03701901435852051
0.04608488082885742
0.027878761291503906
0.009877681732177734
0.04242420196533203
0.01108860969543457
0.011399984359741211
0.014587640762329102
0.015002727508544922
0.01991891860961914
0.019008636474609375
0.015928268432617188
0.02516627311706543
0.014139890670776367
0.010030984878540039
0.016938209533691406
0.01905989646911621
0.014446735382080078
0.030518770217895508
0.052520751953125
0.017279386520385742
0.017720699310302734
0.01801443099975586
0.030482769012451172
0.03280067443847656
0.021514892578125
0.024618864059448242
0.03888845443725586
0.02452373504638672
0.0189974308013916
0.03513360023498535
0.02752089500427246
0.017386674880981445
0.027997970581054688
0.014040708541870117
0.020808935165405273
0.023846864700317383
0.0359342098236084
0.02608489990234375
0.018000125885009766
0.030730247497558594
0.01944422721862793
0.015628337860107422
0.03046131134033203
0.045214176177978516
0.027004241943359375
0.026299715042114258
0.03580355644226074
0.01582789421081543
0.026002168655395508
0.03363037109375
0.032186031341552734
0.030237674713134766
0.017014503479003906
0.021523714065551758
0.03232979774475098
0.01935267448425293
0.01937723159790039
0.0369110107421875
0.012008190155029297
0.04316258430480957
0.0319366455078125
0.03478193283081055
0.017041683197021484
0.03200054168701172
0.04199624061584473
0.01600170135498047
0.029038190841674805
0.023456335067749023
0.020125389099121094
0.024999380111694336
0.018059253692626953
0.028577089309692383
0.07120919227600098
0.02353501319885254
0.022983551025390625
0.038001298904418945
0.027002811431884766
0.01590871810913086
0.03453350067138672
0.04090285301208496
0.03595256805419922
0.03253936767578125
0.011004209518432617
0.03216075897216797
0.018514394760131836
0.020000219345092773
0.034529924392700195
0.01702094078063965
0.017871618270874023
0.022375822067260742
0.04264545440673828
0.016000032424926758
0.027999162673950195
0.03609585762023926
0.014114141464233398
0.025568008422851562
0.043001651763916016
0.030897140502929688
0.039870500564575195
0.019001007080078125
0.023012161254882812
0.03700423240661621
0.018998146057128906
0.021051645278930664
0.01900196075439453
0.018967151641845703
0.029001474380493164
0.04392719268798828
0.011035442352294922
0.0373232364654541
0.027990341186523438
0.014545440673828125
0.04300713539123535
0.023464441299438477
0.03651928901672363
0.032596588134765625
0.028021574020385742
0.02049541473388672
0.021111488342285156
0.025999069213867188
0.03099989891052246
0.01500391960144043
0.024987220764160156
0.028213024139404297
0.02376580238342285
0.028512954711914062
0.031009197235107422
0.01325535774230957
0.02686595916748047
0.032926082611083984
0.03465390205383301
0.03303718566894531
0.022451400756835938
0.012354135513305664
0.035007476806640625
0.027202844619750977
0.03712201118469238
0.012869834899902344
0.028997182846069336
0.03101491928100586
0.02600717544555664
0.01100015640258789
0.0220797061920166
0.021787405014038086
0.023001432418823242
0.040279388427734375
0.024003982543945312
0.02003931999206543
0.019963979721069336
0.014210700988769531
0.03364992141723633
0.01699542999267578
0.017930030822753906
0.017054080963134766
0.016017675399780273
0.03302788734436035
0.02700209617614746
0.024528980255126953
0.02023458480834961
0.0289456844329834
0.03199577331542969
0.03073596954345703
0.037245988845825195
0.03100442886352539
0.02652454376220703
0.028004884719848633
0.016998291015625
0.011005163192749023
0.02043008804321289
0.04277348518371582
0.023895978927612305
0.019558429718017578
0.029939889907836914
0.025433778762817383
0.03151369094848633
0.028004884719848633
0.030985116958618164
0.018566131591796875
0.02426624298095703
0.03000473976135254
0.020787715911865234
0.031013011932373047
0.018513917922973633
0.042109012603759766
0.022150039672851562
0.04125714302062988
0.028911113739013672
0.03351259231567383
0.028535842895507812
0.023182153701782227
0.019002914428710938
0.022019147872924805
0.029999494552612305
0.014086484909057617
0.03214669227600098
0.030001163482666016
0.02843022346496582
0.029001951217651367
0.026168346405029297
0.03058624267578125
0.011644363403320312
0.025995492935180664
0.021443605422973633
0.024001121520996094
0.028000831604003906
0.02751946449279785
0.014007329940795898
0.03376913070678711
0.013572454452514648
0.023996829986572266
0.01599907875061035
0.032773494720458984
0.02713179588317871
0.031646728515625
0.01317286491394043
0.025915861129760742
0.01406097412109375
0.01799917221069336
0.022951841354370117
0.026078224182128906
0.04300236701965332
0.02406907081604004
0.011312723159790039
0.024001598358154297
0.030896902084350586
0.03653120994567871
0.01901388168334961
0.023772239685058594
0.021196365356445312
0.01788473129272461
0.016321897506713867
0.02877354621887207
0.014995574951171875
0.1750638484954834
0.037169694900512695
0.013004541397094727
0.04828166961669922
0.03057575225830078
0.025006532669067383
0.06273818016052246
0.03800320625305176
0.03099989891052246
0.08403325080871582
0.026897430419921875
0.02600264549255371
0.016004323959350586
0.02309584617614746
0.01106572151184082
0.021776914596557617
0.032058000564575195
0.015008687973022461
0.020006418228149414
0.012995243072509766
0.04306745529174805
0.02093815803527832
0.01999950408935547
0.019121885299682617
0.054717302322387695
0.021719932556152344
0.01701664924621582
0.03849196434020996
0.020030498504638672
0.0279996395111084
0.03252148628234863
0.014005661010742188
0.03641319274902344
0.016353130340576172
0.02823638916015625
0.031246185302734375
0.02619624137878418
0.024005651473999023
0.028723716735839844
0.0240781307220459
0.03199911117553711
0.035004377365112305
0.026526689529418945
0.02771735191345215
0.02100396156311035
0.023005247116088867
0.025000333786010742
0.033408164978027344
0.040790557861328125
0.03969097137451172
0.03330636024475098
0.015496969223022461
0.02556753158569336
0.032003164291381836
0.024685144424438477
0.020011425018310547
0.03326892852783203
0.012002229690551758
0.029272079467773438
0.01700115203857422
0.030080080032348633
0.02694416046142578
0.020667552947998047
0.024370193481445312
0.027226924896240234
0.030011892318725586
0.03634190559387207
0.03893303871154785
0.03391551971435547
0.013061761856079102
0.03350543975830078
0.03562045097351074
0.0325925350189209
0.027963876724243164
0.02061915397644043
0.020711421966552734
0.03108382225036621
0.028076171875
0.026177167892456055
0.0160064697265625
0.025411605834960938
0.020483732223510742
0.05359244346618652
0.030747413635253906
0.024257659912109375
0.024336576461791992
0.03565073013305664
0.025171279907226562
0.026495695114135742
0.02551746368408203
0.018914222717285156
0.025908231735229492
0.03860044479370117
0.025346040725708008
0.01591658592224121
0.11924862861633301
0.03435206413269043
0.02988290786743164
0.0239102840423584
0.030527353286743164
0.028003215789794922
0.08368778228759766
0.050412893295288086
0.03199958801269531
0.014839410781860352
0.028906583786010742
0.040880441665649414
0.05602455139160156
0.09822511672973633
0.012938499450683594
0.030529260635375977
0.05351448059082031
0.010925769805908203
0.015649795532226562
0.04402041435241699
0.02203965187072754
0.14439678192138672
0.04603767395019531
0.04199790954589844
0.20061063766479492
0.026004552841186523
0.04099392890930176
0.03451704978942871
0.0475161075592041
0.02700018882751465
0.01551675796508789
0.023997068405151367
0.022131681442260742
0.049999237060546875
0.014003276824951172
0.015567302703857422
0.16605401039123535
0.030516386032104492
0.03352975845336914
0.030771493911743164
0.018998146057128906
0.02300739288330078
0.030999422073364258
0.013349294662475586
0.04104328155517578
0.024524450302124023
0.03975319862365723
0.030998706817626953
0.026999950408935547
0.06400775909423828
0.01799941062927246
0.020999431610107422
0.022000551223754883
0.054001569747924805
0.04101109504699707
0.04853391647338867
0.020073413848876953
0.025009870529174805
0.027993202209472656
0.026523351669311523
0.027607202529907227
0.019086599349975586
0.05664253234863281
0.013051033020019531
0.0485234260559082
0.012520074844360352
0.03852415084838867
0.018007755279541016
0.03500962257385254
0.017000675201416016
0.024000167846679688
0.016997098922729492
0.03881072998046875
0.023883581161499023
0.029010772705078125
0.034001827239990234
0.019993305206298828
0.03951597213745117
0.022516489028930664
0.015873432159423828
0.023996829986572266
0.021039247512817383
0.022511005401611328
0.01900482177734375
0.0251007080078125
0.04603767395019531
0.01800990104675293
0.031000614166259766
0.026003599166870117
0.019997119903564453
0.02900099754333496
0.018001794815063477
0.018996715545654297
0.03299379348754883
0.013995170593261719
0.05173635482788086
0.025010347366333008
0.05443882942199707
0.03909897804260254
0.019999265670776367
0.03551626205444336
0.03116464614868164
0.02800893783569336
0.02000284194946289
0.02500438690185547
0.038519859313964844
0.029999971389770508
0.039995670318603516
0.03756427764892578
0.023996353149414062
0.038518667221069336
0.02503514289855957
0.03652763366699219
0.03701162338256836
0.023520231246948242
0.03653097152709961
0.03200888633728027
0.03151822090148926
0.01399374008178711
0.024996042251586914
0.014506816864013672
0.011504888534545898
0.023507356643676758
0.013002157211303711
0.018996715545654297
0.03773665428161621
0.014098882675170898
0.03300333023071289
0.019549846649169922
0.0240020751953125
0.021612167358398438
0.04269146919250488
0.01921701431274414
0.019004344940185547
0.03301429748535156
0.05652356147766113
0.01823258399963379
0.02051091194152832
0.032018423080444336
0.024680376052856445
0.04944562911987305
0.018004417419433594
0.021665096282958984
0.04355454444885254
0.028002023696899414
0.05099940299987793
0.01900172233581543
0.02400040626525879
0.03352069854736328
0.01599907875061035
0.047997474670410156
0.031000852584838867
0.026999950408935547
0.03151702880859375
0.018967151641845703
0.07299685478210449
0.017998695373535156
0.022281169891357422
0.02453303337097168
0.033003807067871094
0.05185508728027344
0.01851034164428711
0.018923044204711914
0.027998924255371094
0.038001060485839844
0.06228804588317871
0.019304513931274414
0.02400040626525879
0.05052065849304199
0.055837154388427734
0.028005123138427734
0.020144224166870117
0.02366042137145996
0.04689478874206543
0.0558624267578125
0.016003131866455078
0.016997098922729492
0.028995513916015625
0.026094913482666016
0.04399824142456055
0.03800058364868164
0.01688861846923828
0.024512290954589844
0.04115033149719238
0.0426020622253418
0.04164242744445801
0.019004344940185547
0.019247055053710938
0.0290069580078125
0.05378127098083496
0.029526472091674805
0.032000064849853516
0.01599907875061035
0.02800583839416504
0.049010515213012695
0.03899955749511719
0.018520832061767578
0.019040822982788086
0.03798532485961914
0.037000417709350586
0.032692909240722656
0.03206229209899902
0.021030426025390625
0.04982399940490723
0.022076129913330078
0.04205012321472168
0.032064199447631836
0.013982772827148438
0.014083623886108398
0.15414142608642578
0.01703953742980957
0.032929420471191406
0.03800344467163086
0.019998788833618164
0.018002033233642578
0.11306881904602051
0.017514944076538086
0.06040549278259277
0.035999298095703125
0.027531147003173828
0.02193140983581543
0.1631302833557129
0.018095016479492188
0.027999401092529297
0.04322504997253418
0.040001630783081055
0.022999286651611328
0.029110193252563477
0.1091146469116211
0.018013477325439453
0.03400087356567383
0.04318714141845703
0.03760170936584473
0.04601168632507324
0.021266698837280273
0.19823312759399414
0.018999814987182617
0.018001079559326172
0.036998748779296875
0.020000219345092773
0.02000260353088379
0.014017343521118164
0.1240549087524414
0.01700115203857422
0.018004894256591797
0.039084672927856445
0.02299046516418457
0.02817678451538086
0.016004323959350586
0.1174314022064209
0.01855325698852539
0.03799915313720703
0.022175312042236328
0.028180599212646484
0.013637065887451172
0.08870387077331543
0.019009113311767578
0.01900196075439453
0.026990652084350586
0.016004562377929688
0.0272066593170166
0.016498088836669922
0.11086034774780273
0.02091813087463379
0.017999887466430664
0.02697896957397461
0.019777297973632812
0.034003257751464844
0.018885135650634766
0.13149356842041016
0.028459787368774414
0.020003557205200195
0.03948235511779785
0.01831841468811035
0.1185753345489502
0.015918254852294922
0.15288329124450684
0.028001785278320312
0.01603841781616211
0.045001983642578125
0.01680922508239746
0.1478259563446045
0.016726255416870117
0.02789902687072754
0.026761293411254883
0.021924495697021484
0.011758804321289062
0.1462695598602295
0.024999380111694336
0.021329879760742188
0.04069852828979492
0.021492719650268555
0.1172940731048584
0.02544689178466797
0.030009746551513672
0.03786635398864746
0.018224239349365234
0.1097865104675293
0.029784679412841797
0.02624654769897461
0.016699790954589844
0.016138315200805664
0.12847018241882324
0.023941516876220703
0.034403085708618164
0.01893305778503418
0.016516447067260742
0.08344554901123047
0.023025989532470703
0.04300975799560547
0.01762843132019043
0.1133725643157959
0.01800847053527832
0.027998924255371094
0.034314632415771484
0.029633045196533203
0.02954864501953125
0.017525672912597656
0.03099989891052246
0.028007030487060547
0.017084360122680664
0.031001806259155273
0.03794741630554199
0.019852638244628906
0.020002365112304688
0.03115677833557129
0.015999555587768555
0.025363445281982422
0.022537708282470703
0.024005651473999023
0.014526844024658203
0.0245358943939209
0.020519256591796875
0.03287053108215332
0.03199505805969238
0.019516706466674805
0.02599477767944336
0.015297651290893555
0.025000810623168945
0.03151416778564453
0.03253173828125
0.030513525009155273
0.02099752426147461
0.031008005142211914
0.014929771423339844
0.018912076950073242
0.013588905334472656
0.019000530242919922
0.011016368865966797
0.018001317977905273
0.017580509185791016
0.025907039642333984
0.015098094940185547
0.024529218673706055
0.027998924255371094
0.013921976089477539
0.01399993896484375
0.026000022888183594
0.012355566024780273
0.022536516189575195
0.03345060348510742
0.014832735061645508
0.017023563385009766
0.030518054962158203
0.030740737915039062
0.018522977828979492
0.023886919021606445
0.013891220092773438
0.018921852111816406
0.01840806007385254
0.01811385154724121
0.023003816604614258
0.019842147827148438
0.02100658416748047
0.022551774978637695
0.02882671356201172
0.026020050048828125
0.030582904815673828
0.010618925094604492
0.007965564727783203
0.014000415802001953
0.02199578285217285
0.024565696716308594
0.15568327903747559
0.0377960205078125
0.011003732681274414
0.01913142204284668
0.010228157043457031
0.014308929443359375
0.018596649169921875
0.034566640853881836
0.019745588302612305
0.03721284866333008
0.00947713851928711
0.012400150299072266
0.13490986824035645
0.010002374649047852
0.03299283981323242
0.022749662399291992
0.0410006046295166
0.011593103408813477
0.012994527816772461
0.01100468635559082
0.012994527816772461
0.024699926376342773
0.035160064697265625
0.024376630783081055
0.03802490234375
0.014134883880615234
0.014003753662109375
0.013571739196777344
0.01849961280822754
0.026428937911987305
0.0343017578125
0.02559185028076172
0.019895315170288086
0.034821271896362305
0.01217508316040039
0.01439976692199707
0.019363880157470703
0.024591684341430664
0.035984039306640625
0.016007184982299805
0.03916454315185547
0.014593362808227539
0.01726818084716797
0.014997243881225586
0.010952472686767578
0.01077580451965332
0.01578974723815918
0.014234542846679688
0.02499985694885254
0.026517391204833984
0.02057933807373047
0.04384136199951172
0.010030508041381836
0.013001203536987305
0.013191938400268555
0.01223444938659668
0.017514944076538086
0.01600480079650879
0.02000260353088379
0.012516021728515625
0.014672517776489258
0.02250957489013672
0.01056981086730957
0.03500223159790039
0.010000467300415039
0.02506875991821289
0.020300626754760742
0.034056663513183594
0.012993335723876953
0.013575077056884766
0.03600311279296875
0.02000260353088379
0.01747608184814453
0.016509056091308594
0.021920204162597656
0.013177633285522461
0.014806985855102539
0.008907794952392578
0.022936582565307617
0.021593809127807617
0.013331174850463867
0.014607667922973633
0.046788692474365234
0.01851058006286621
0.02788519859313965
0.038596153259277344
0.02051830291748047
0.019323110580444336
0.011509180068969727
0.025005102157592773
0.015174388885498047
0.015927553176879883
0.024280548095703125
0.01775074005126953
0.025000333786010742
0.01890730857849121
0.011003255844116211
0.013210296630859375
0.017027854919433594
0.015001058578491211
0.021517276763916016
0.020577669143676758
0.010100126266479492
0.017999887466430664
0.051999807357788086
0.020521163940429688
0.028380870819091797
0.026812076568603516
0.025424480438232422
0.015905141830444336
0.010401487350463867
0.021919727325439453
0.01751542091369629
0.017521142959594727
0.025676488876342773
0.03243255615234375
0.014378070831298828
0.03451395034790039
0.01992487907409668
0.014014244079589844
0.014803171157836914
0.019000768661499023
0.02899765968322754
0.029494047164916992
0.014179706573486328
0.021810054779052734
0.025652647018432617
0.009002685546875
0.023001909255981445
0.02210092544555664
0.03213906288146973
0.017003774642944336
0.016940593719482422
0.01618337631225586
0.023356914520263672
0.02787184715270996
0.03578519821166992
0.01824665069580078
0.02064824104309082
0.014462947845458984
0.0149078369140625
0.03743124008178711
0.02758479118347168
0.016382455825805664
0.02500748634338379
0.01929950714111328
0.01191568374633789
0.01618218421936035
0.03339791297912598
0.026368379592895508
0.031737327575683594
0.04125189781188965
0.03721427917480469
0.014681100845336914
0.018898487091064453
0.03670907020568848
0.019999980926513672
0.03031444549560547
0.02898240089416504
0.030181169509887695
0.02008652687072754
0.015001058578491211
0.02936720848083496
0.020925521850585938
0.022549152374267578
0.013006448745727539
0.022407054901123047
0.0350489616394043
0.02242445945739746
0.010992765426635742
0.021162033081054688
0.03029918670654297
0.02488875389099121
0.02088308334350586
0.030519962310791016
0.020485401153564453
0.03700995445251465
0.01431417465209961
0.019000768661499023
0.04443168640136719
0.023478269577026367
0.029004812240600586
0.04552316665649414
0.02000570297241211
0.021566152572631836
0.01500248908996582
0.013435602188110352
0.022235870361328125
0.03189373016357422
0.01741623878479004
0.025115251541137695
0.018519878387451172
0.020963430404663086
0.03393125534057617
0.025146961212158203
0.021093130111694336
0.027887582778930664
0.03014826774597168
0.03159356117248535
0.01705145835876465
0.12813234329223633
0.04451704025268555
0.015003681182861328
0.022031784057617188
0.026154518127441406
0.03943681716918945
0.023033857345581055
0.03300023078918457
0.01886606216430664
0.021983623504638672
0.023524761199951172
0.015752792358398438
0.01685929298400879
0.023853302001953125
0.03896903991699219
0.018522024154663086
0.015215873718261719
0.028532028198242188
0.01988053321838379
0.02392101287841797
0.046599626541137695
0.02900385856628418
0.037883758544921875
0.024522781372070312
0.02371048927307129
0.03569507598876953
0.01984429359436035
0.009003400802612305
0.027524709701538086
0.03370928764343262
0.0243682861328125
0.03151106834411621
0.016001224517822266
0.01061248779296875
0.02185845375061035
0.024742603302001953
0.021634578704833984
0.03000497817993164
0.03058624267578125
0.02050018310546875
0.020892620086669922
0.01724410057067871
0.028295040130615234
0.03136754035949707
0.023841142654418945
0.029274463653564453
0.022998571395874023
0.022006988525390625
0.02151942253112793
0.014008522033691406
0.02800607681274414
0.018573522567749023
0.014735698699951172
0.03735232353210449
0.03951597213745117
0.02306652069091797
0.02451801300048828
0.019479751586914062
0.01598358154296875
0.012945890426635742
0.016063928604125977
0.025003433227539062
0.040029048919677734
0.01200556755065918
0.0222623348236084
0.015253305435180664
0.025383710861206055
0.03903794288635254
0.02500176429748535
0.015005111694335938
0.0205230712890625
0.015602588653564453
0.033350467681884766
0.019516468048095703
0.011013507843017578
0.014000177383422852
0.03706002235412598
0.030196189880371094
0.044996023178100586
0.0429990291595459
0.02251434326171875
0.02445197105407715
0.013644695281982422
0.03717494010925293
0.020357608795166016
0.020009517669677734
0.029111146926879883
0.0260009765625
0.02952289581298828
0.012274026870727539
0.014197826385498047
0.010998010635375977
0.02890157699584961
0.04636955261230469
0.024927377700805664
0.03158164024353027
0.014917612075805664
0.01177668571472168
0.02399921417236328
0.0160067081451416
0.016412019729614258
0.013514995574951172
0.0433049201965332
0.022341012954711914
0.02652263641357422
0.024004459381103516
0.018003225326538086
0.01851630210876465
0.023190021514892578
0.020416259765625
0.019859790802001953
0.009944438934326172
0.025650978088378906
0.030237197875976562
0.01700115203857422
0.00990438461303711
0.01599860191345215
0.039644718170166016
0.03138327598571777
0.019405603408813477
0.03762936592102051
0.04053235054016113
0.011664390563964844
0.01800251007080078
0.03824949264526367
0.018087148666381836
0.019192218780517578
0.01238703727722168
0.045304298400878906
0.04811263084411621
0.02474808692932129
0.022896766662597656
0.013430356979370117
0.021939516067504883
0.013174057006835938
0.01700448989868164
0.014540672302246094
0.0356142520904541
0.03826022148132324
0.01953411102294922
0.017238140106201172
0.01964592933654785
0.03956031799316406
0.03707575798034668
0.031418561935424805
0.02768874168395996
0.033002614974975586
0.01600790023803711
0.020004749298095703
0.027004241943359375
0.032927751541137695
0.01500082015991211
0.016937971115112305
0.028001070022583008
0.03052377700805664
0.022898197174072266
0.02051854133605957
0.020514726638793945
0.015001535415649414
0.02199864387512207
0.01057291030883789
0.02063918113708496
0.00900578498840332
0.021506786346435547
0.011511087417602539
0.13403081893920898
0.02399897575378418
0.0193479061126709
0.042398691177368164
0.03289461135864258
0.02802753448486328
0.01991891860961914
0.03665423393249512
0.03646039962768555
0.014168262481689453
0.043415069580078125
0.017002344131469727
0.02712392807006836
0.024338483810424805
0.04174160957336426
0.030208110809326172
0.014928817749023438
0.0169677734375
0.02015233039855957
0.01500844955444336
0.019999027252197266
0.01986217498779297
0.03135800361633301
0.02291274070739746
0.016467809677124023
0.03572225570678711
0.01860499382019043
0.01287221908569336
0.027430295944213867
0.014998912811279297
0.03500223159790039
0.026520729064941406
0.02200007438659668
0.017513751983642578
0.012996673583984375
0.010001182556152344
0.0260012149810791
0.0345156192779541
0.027997970581054688
0.026999950408935547
0.020003557205200195
0.02751636505126953
0.031004667282104492
0.020009994506835938
0.017995119094848633
0.011002779006958008
0.011895179748535156
0.01493382453918457
0.018949270248413086
0.020003795623779297
0.026058197021484375
0.018920183181762695
0.010050773620605469
0.03800368309020996
0.020002365112304688
0.014571189880371094
0.021830081939697266
0.015469551086425781
0.03799700736999512
0.017503023147583008
0.0259244441986084
0.01692819595336914
0.04900765419006348
0.013994693756103516
0.019258499145507812
0.02799510955810547
0.021999120712280273
0.033010005950927734
0.020999670028686523
0.04103398323059082
0.01952219009399414
0.018999099731445312
0.02800154685974121
0.015518903732299805
0.01900482177734375
0.011524677276611328
0.0189974308013916
0.018736839294433594
0.026001453399658203
0.028151512145996094
0.019004344940185547
0.02000713348388672
0.03700113296508789
0.014011621475219727
0.030998945236206055
0.03400278091430664
0.04051852226257324
0.014213085174560547
0.024928569793701172
0.01511526107788086
0.0169985294342041
0.019041061401367188
0.037123918533325195
0.020145893096923828
0.02568840980529785
0.02200770378112793
0.01200413703918457
0.024477720260620117
0.03100752830505371
0.019934654235839844
0.0168001651763916
0.0205535888671875
0.015012979507446289
0.02369856834411621
0.034513235092163086
0.0103759765625
0.04184865951538086
0.02001190185546875
0.029784440994262695
0.020003080368041992
0.03442955017089844
0.018544673919677734
0.025632619857788086
0.04678773880004883
0.01100301742553711
0.02200603485107422
0.044263362884521484
0.020848751068115234
0.02188873291015625
0.021409988403320312
0.019985198974609375
0.027586698532104492
0.016675710678100586
0.03599715232849121
0.011915922164916992
0.020003080368041992
0.009506940841674805
0.023000001907348633
0.02099609375
0.03289914131164551
0.04414081573486328
0.018794775009155273
0.03315401077270508
0.02900242805480957
0.030548095703125
0.018999814987182617
0.021468162536621094
0.022374868392944336
0.015967130661010742
0.019518136978149414
0.018616199493408203
0.04382038116455078
0.0188748836517334
0.020043611526489258
0.023149490356445312
0.03197431564331055
0.03000044822692871
0.013003110885620117
0.026648998260498047
0.014507055282592773
0.018003463745117188
0.012918949127197266
0.026439905166625977
0.035715341567993164
0.011047840118408203
0.019718170166015625
0.02100515365600586
0.04199814796447754
0.013001680374145508
0.03296017646789551
0.04151177406311035
0.013995885848999023
0.04299807548522949
0.03490114212036133
0.020002126693725586
0.030661344528198242
0.0350186824798584
0.015089273452758789
0.028519868850708008
0.014542341232299805
0.022928237915039062
0.02480030059814453
0.015000581741333008
0.0210115909576416
0.026617765426635742
0.024149179458618164
0.02066636085510254
0.02844524383544922
0.03800249099731445
0.021344900131225586
0.027000904083251953
0.01652669906616211
0.03655743598937988
0.034516096115112305
0.01068115234375
0.028558969497680664
0.02100539207458496
0.0279996395111084
0.026778221130371094
0.013126373291015625
0.012822389602661133
0.01851511001586914
0.01979970932006836
0.02801036834716797
0.01700878143310547
0.018474578857421875
0.018894195556640625
0.03000330924987793
0.02510237693786621
0.03676605224609375
0.019999027252197266
0.019693613052368164
0.014024019241333008
0.012840747833251953
0.04143214225769043
0.028798580169677734
0.013401985168457031
0.022927284240722656
0.022561311721801758
0.01685929298400879
0.0273282527923584
0.01100301742553711
0.02129220962524414
0.02490234375
0.010436296463012695
0.03101325035095215
0.01546478271484375
0.020779132843017578
0.035115957260131836
0.011995553970336914
0.04107499122619629
0.0345911979675293
0.01613020896911621
0.019122838973999023
0.026519298553466797
0.18104934692382812
0.0325474739074707
0.01565265655517578
0.022142410278320312
0.013580322265625
0.01700305938720703
0.00999593734741211
0.020145416259765625
0.018210887908935547
0.02042102813720703
0.01637578010559082
0.011002540588378906
0.15232372283935547
0.03049778938293457
0.012368440628051758
0.04282665252685547
0.07251596450805664
0.01343393325805664
0.016518354415893555
0.018000125885009766
0.014229774475097656
0.023998498916625977
0.013765811920166016
0.055332183837890625
0.03278994560241699
0.024999618530273438
0.016508102416992188
0.01779794692993164
0.013198375701904297
0.030489444732666016
0.021998882293701172
0.02400493621826172
0.013895273208618164
0.0280303955078125
0.02702808380126953
0.053023338317871094
0.023891925811767578
0.018802881240844727
0.020096302032470703
0.024003982543945312
0.024521827697753906
0.03769946098327637
0.021000146865844727
0.021008968353271484
0.01976609230041504
0.017919540405273438
0.02393817901611328
0.02256917953491211
0.02422475814819336
0.01934528350830078
0.010006904602050781
0.019451141357421875
0.02700018882751465
0.019220352172851562
0.04761457443237305
0.013004779815673828
0.028259992599487305
0.01829671859741211
0.021549224853515625
0.04097795486450195
0.02443861961364746
0.01859569549560547
0.01315760612487793
0.019240379333496094
0.01599407196044922
0.01941847801208496
0.03240394592285156
0.013773202896118164
0.03265094757080078
0.013336181640625
0.01651620864868164
0.029750823974609375
0.020122528076171875
0.04094648361206055
0.035805702209472656
0.01606297492980957
0.011003255844116211
0.02300286293029785
0.007997751235961914
0.011784076690673828
0.0169980525970459
0.01804637908935547
0.016321420669555664
0.02493119239807129
0.02229762077331543
0.017633438110351562
0.035002946853637695
0.02381134033203125
0.01389932632446289
0.02704477310180664
0.012993097305297852
0.0404512882232666
0.012986898422241211
0.03884744644165039
0.019408464431762695
0.01099538803100586
0.018007755279541016
0.03535938262939453
0.013908863067626953
0.01892685890197754
0.02281475067138672
0.020007610321044922
0.013625621795654297
0.0290069580078125
0.02099895477294922
0.011515378952026367
0.031000852584838867
0.016911745071411133
0.013910531997680664
0.022161483764648438
0.02389240264892578
0.02401113510131836
0.021037578582763672
0.026671409606933594
0.031006813049316406
0.013306617736816406
0.01479196548461914
0.012355804443359375
0.024625778198242188
0.015563011169433594
0.02717757225036621
0.0152435302734375
0.015871286392211914
0.035916805267333984
0.01300358772277832
0.017010211944580078
0.014637231826782227
0.028014421463012695
0.011400461196899414
0.027008056640625
0.01888585090637207
0.01400899887084961
0.03412127494812012
0.013277292251586914
0.017430543899536133
0.014919757843017578
0.015515565872192383
0.015510797500610352
0.029514312744140625
0.014999151229858398
0.020695209503173828
0.040032386779785156
0.012954950332641602
0.03599834442138672
0.027008056640625
0.013501882553100586
0.035509347915649414
0.01731133460998535
0.029001474380493164
0.018005847930908203
0.013730525970458984
0.020008563995361328
0.017004728317260742
0.04035329818725586
0.021124839782714844
0.024740219116210938
0.042047977447509766
0.0406193733215332
0.025693178176879883
0.019210100173950195
0.025647640228271484
0.036699533462524414
0.04494929313659668
0.014004945755004883
0.008842945098876953
0.02399921417236328
0.010905981063842773
0.021611452102661133
0.02091240882873535
0.02440023422241211
0.03281402587890625
0.02515387535095215
0.03148365020751953
0.0200040340423584
0.028519153594970703
0.04104113578796387
0.03548169136047363
0.0200042724609375
0.017906904220581055
0.01506495475769043
0.01854681968688965
0.026001453399658203
0.01769542694091797
0.030644893646240234
0.027004241943359375
0.018969297409057617
0.0416865348815918
0.020035505294799805
0.01824331283569336
0.0189054012298584
0.028997182846069336
0.019881486892700195
0.01817774772644043
0.04012942314147949
0.01852107048034668
0.01592874526977539
0.029002904891967773
0.03761458396911621
0.020198583602905273
0.024999618530273438
0.017854690551757812
0.026211261749267578
0.0262148380279541
0.01860833168029785
0.015424013137817383
0.020453214645385742
0.016542673110961914
0.010440826416015625
0.030154943466186523
0.020146608352661133
0.021684885025024414
0.025504589080810547
0.02429986000061035
0.02477741241455078
0.01810932159423828
0.026337623596191406
0.022208452224731445
0.018004894256591797
0.01700305938720703
0.020897388458251953
0.019933223724365234
0.020987510681152344
0.023126602172851562
0.025000572204589844
0.013520956039428711
0.016510963439941406
0.014001131057739258
0.021099328994750977
0.02028203010559082
0.01300048828125
0.025009870529174805
0.0185089111328125
0.013004064559936523
0.0191802978515625
0.01900339126586914
0.02390003204345703
0.018186569213867188
0.019106626510620117
0.021402359008789062
0.02121114730834961
0.024019241333007812
0.023675203323364258
0.02071380615234375
0.021763086318969727
0.0224153995513916
0.020931005477905273
0.01651287078857422
0.018087387084960938
0.026831626892089844
0.02130722999572754
0.021999835968017578
0.016864538192749023
0.02642035484313965
0.01799941062927246
0.016996383666992188
0.027486324310302734
0.01673603057861328
0.01736760139465332
0.022005081176757812
0.022569656372070312
0.03300595283508301
0.025429725646972656
0.02714395523071289
0.01518106460571289
0.028998851776123047
0.019469738006591797
0.015005826950073242
0.027196168899536133
0.02063775062561035
0.01200246810913086
0.021822690963745117
0.024516582489013672
0.03799843788146973
0.01900959014892578
0.02503037452697754
0.017699241638183594
0.012003183364868164
0.012570619583129883
0.016632795333862305
0.011816740036010742
0.014001846313476562
0.018999099731445312
0.01392507553100586
0.03699994087219238
0.01800394058227539
0.03668332099914551
0.02169036865234375
0.038443565368652344
0.013365507125854492
0.022282838821411133
0.03072500228881836
0.03200054168701172
0.01945662498474121
0.030002117156982422
0.027515649795532227
0.026488304138183594
0.0322728157043457
0.013001680374145508
0.026546716690063477
0.02700209617614746
0.03644227981567383
0.016520261764526367
0.023662328720092773
0.033532142639160156
0.026949644088745117
0.01500248908996582
0.021806001663208008
0.012999296188354492
0.04649233818054199
0.02000260353088379
0.012002229690551758
0.020137786865234375
0.025244951248168945
0.038732051849365234
0.013839483261108398
0.01392054557800293
0.014159679412841797
0.025005578994750977
0.03321361541748047
0.024001359939575195
0.021952152252197266
0.014831781387329102
0.023903369903564453
0.15942025184631348
0.02800273895263672
0.024837017059326172
0.014066696166992188
0.013592720031738281
0.022372722625732422
0.012943029403686523
0.0366823673248291
0.013000011444091797
0.012511968612670898
0.03151297569274902
0.018009424209594727
0.013002634048461914
0.03473854064941406
0.019310474395751953
0.025189876556396484
0.012915372848510742
0.0350034236907959
0.012281417846679688
0.01938152313232422
0.025070905685424805
0.038585662841796875
0.014201641082763672
0.023520231246948242
0.014181137084960938
0.015514612197875977
0.019051790237426758
0.01292562484741211
0.015013456344604492
0.025002479553222656
0.02897167205810547
0.015004634857177734
0.02673935890197754
0.014713764190673828
0.015459299087524414
0.019022464752197266
0.019000768661499023
0.023397445678710938
0.02676868438720703
0.03356194496154785
0.020523786544799805
0.028004169464111328
0.02142477035522461
0.018999814987182617
0.01899862289428711
0.02151012420654297
0.03459453582763672
0.020191431045532227
0.020859241485595703
0.040257930755615234
0.016109466552734375
0.028441429138183594
0.020001888275146484
0.01952338218688965
0.015937328338623047
0.017703771591186523
0.027256488800048828
0.016872167587280273
0.019510984420776367
0.039154052734375
0.013013362884521484
0.01427006721496582
0.015611648559570312
0.014925003051757812
0.021075725555419922
0.009999752044677734
0.02052140235900879
0.027542591094970703
0.017877578735351562
0.041245460510253906
0.011438131332397461
0.012690544128417969
0.01855635643005371
0.020322799682617188
0.028705596923828125
0.01691126823425293
0.016097545623779297
0.021007299423217773
0.04692888259887695
0.026697874069213867
0.03532981872558594
0.020000934600830078
0.019822359085083008
0.020000934600830078
0.01500391960144043
0.017020702362060547
0.022510290145874023
0.020186662673950195
0.025954723358154297
0.019311189651489258
0.022239208221435547
0.017004013061523438
0.014661312103271484
0.02065277099609375
0.018672943115234375
0.03246045112609863
0.015913724899291992
0.03600430488586426
0.015010595321655273
0.025035858154296875
0.022540569305419922
0.020471811294555664
0.020998239517211914
0.013975381851196289
0.015639066696166992
0.02800750732421875
0.0165712833404541
0.03301715850830078
0.020142316818237305
0.023078203201293945
0.018005847930908203
0.014093160629272461
0.01600933074951172
0.014721870422363281
0.028439760208129883
0.01699662208557129
0.03536725044250488
0.014828205108642578
0.016809701919555664
0.022387266159057617
0.027016639709472656
0.01533055305480957
0.016002416610717773
0.019191980361938477
0.026590585708618164
0.018002748489379883
0.027000904083251953
0.007003068923950195
0.012009143829345703
0.019511938095092773
0.012995243072509766
0.015001296997070312
0.014097452163696289
0.024003028869628906
0.022997140884399414
0.029511690139770508
0.03201174736022949
0.022972822189331055
0.016122817993164062
0.011008977890014648
0.017678499221801758
0.01505136489868164
0.016004085540771484
0.012300252914428711
0.015887022018432617
0.025238990783691406
0.025786161422729492
0.024002552032470703
0.022491455078125
0.017464160919189453
0.024091005325317383
0.0264432430267334
0.021064043045043945
0.018433809280395508
0.019458293914794922
0.013879537582397461
0.018772363662719727
0.018514633178710938
0.029471397399902344
0.02263045310974121
0.014208793640136719
0.029004812240600586
0.019911766052246094
0.02447366714477539
0.013477325439453125
0.02046680450439453
0.017038583755493164
0.028002023696899414
0.022877216339111328
0.014080286026000977
0.01599907875061035
0.02387714385986328
0.014432907104492188
0.026983976364135742
0.013843059539794922
0.03899717330932617
0.014179468154907227
0.0157010555267334
0.014064550399780273
0.025522708892822266
0.023999691009521484
0.013029098510742188
0.013151884078979492
0.014519929885864258
0.02351975440979004
0.02200150489807129
0.018003225326538086
0.013002872467041016
0.012985467910766602
0.020287513732910156
0.019747257232666016
0.017640113830566406
0.02288532257080078
0.020300865173339844
0.02341771125793457
0.02609086036682129
0.014176607131958008
0.0393979549407959
0.01100015640258789
0.018999099731445312
0.03800225257873535
0.013513803482055664
0.019126176834106445
0.05307579040527344
0.025493383407592773
0.05771017074584961
0.05003046989440918
0.030001401901245117
0.026022911071777344
0.02222299575805664
0.01951432228088379
0.02998518943786621
0.02051687240600586
0.017133712768554688
0.02960968017578125
0.05034518241882324
0.0345005989074707
0.0335841178894043
0.014265775680541992
0.018445491790771484
0.02801513671875
0.022727251052856445
0.026714324951171875
0.031007051467895508
0.017823457717895508
0.029255390167236328
0.026206493377685547
0.01733851432800293
0.026000022888183594
0.0303192138671875
0.01944565773010254
0.025037527084350586
0.01683497428894043
0.023082733154296875
0.032363176345825195
0.018302440643310547
0.03249621391296387
0.015000581741333008
0.020792484283447266
0.01974034309387207
0.024156570434570312
0.021507978439331055
0.028998374938964844
0.020928144454956055
0.013999462127685547
0.023954391479492188
0.02625894546508789
0.020381689071655273
0.02768731117248535
0.0200040340423584
0.023361921310424805
0.023340940475463867
0.03760480880737305
0.01804184913635254
0.03155112266540527
0.018004655838012695
0.025998830795288086
0.02251911163330078
0.018908023834228516
0.02986288070678711
0.01802206039428711
0.017023086547851562
0.019239187240600586
0.015004873275756836
0.01000356674194336
0.016115427017211914
0.014001846313476562
0.02053999900817871
0.021010637283325195
0.03761434555053711
0.02100086212158203
0.017906665802001953
0.02752852439880371
0.024069786071777344
0.01799917221069336
0.024003982543945312
0.025386571884155273
0.02574777603149414
0.016004562377929688
0.028003931045532227
0.027723073959350586
0.01958465576171875
0.028002262115478516
0.020489215850830078
0.024417877197265625
0.02752828598022461
0.030384302139282227
0.01659393310546875
0.0338895320892334
0.020002365112304688
0.027001380920410156
0.018446683883666992
0.018298625946044922
0.014004945755004883
0.013512611389160156
0.026431560516357422
0.025815963745117188
0.021500349044799805
0.022002220153808594
0.02108311653137207
0.028003692626953125
0.01829695701599121
0.02431011199951172
0.025002717971801758
0.040003061294555664
0.020000219345092773
0.031527042388916016
0.018000364303588867
0.039453744888305664
0.019901514053344727
0.022075653076171875
0.028005599975585938
0.0236055850982666
0.02908015251159668
0.020916223526000977
0.025653362274169922
0.01399540901184082
0.030003070831298828
0.018204212188720703
0.02199554443359375
0.018691062927246094
0.025888919830322266
0.01965618133544922
0.03151369094848633
0.022907018661499023
0.024390697479248047
0.02651047706604004
0.028995513916015625
0.01999974250793457
0.027002334594726562
0.024001598358154297
0.02049732208251953
0.024079322814941406
0.02850794792175293
0.04399847984313965
0.036519765853881836
0.034630775451660156
0.021521806716918945
0.05353379249572754
0.03599977493286133
0.024001121520996094
0.04900050163269043
0.03100895881652832
0.025004148483276367
0.035515546798706055
0.03407597541809082
0.028002262115478516
0.03145170211791992
0.03179931640625
0.02707839012145996
0.03067755699157715
0.03952288627624512
0.03125333786010742
0.03801131248474121
0.03352546691894531
0.02599644660949707
0.03507089614868164
0.025743961334228516
0.018004417419433594
0.026179075241088867
0.01992177963256836
0.030002117156982422
0.017008066177368164
0.04052877426147461
0.040189504623413086
0.026007413864135742
0.03199505805969238
0.0359957218170166
0.054517507553100586
0.03352236747741699
0.03899645805358887
0.04900336265563965
0.027369260787963867
0.024205923080444336
0.030511856079101562
