0.026965618133544922
0.046013593673706055
0.013902902603149414
0.04148507118225098
0.031000852584838867
0.10231995582580566
0.01807117462158203
0.11120867729187012
0.018003225326538086
0.05652642250061035
0.02099752426147461
0.0234067440032959
0.0391693115234375
0.01979684829711914
0.021839618682861328
0.03688168525695801
0.022590160369873047
0.016904592514038086
0.014001846313476562
0.012976884841918945
0.01701807975769043
0.02142500877380371
0.13149809837341309
0.019999980926513672
0.03245687484741211
0.03296160697937012
0.022527694702148438
0.03000617027282715
0.036229848861694336
0.017917633056640625
0.027002334594726562
0.021991491317749023
0.03417181968688965
0.020115375518798828
0.025023937225341797
0.0315396785736084
0.02115011215209961
0.013091802597045898
0.014690876007080078
0.023932456970214844
0.025213003158569336
0.021526575088500977
0.014688491821289062
0.0295255184173584
0.03467917442321777
0.02490687370300293
0.017171382904052734
0.028150320053100586
0.036019086837768555
0.013651609420776367
0.013982534408569336
0.031247854232788086
0.03570413589477539
0.015925168991088867
0.009369611740112305
0.026003122329711914
0.019279956817626953
0.02800273895263672
0.03325033187866211
0.03475832939147949
0.01889514923095703
0.010001420974731445
0.023510217666625977
0.03007984161376953
0.04190182685852051
0.03566694259643555
0.01957988739013672
0.019999980926513672
0.024526119232177734
0.024094104766845703
0.03977513313293457
0.03567934036254883
0.021139860153198242
0.018533706665039062
0.01999688148498535
0.029186010360717773
0.020886898040771484
0.017739534378051758
0.03918123245239258
0.04100441932678223
0.02099609375
0.021001100540161133
0.021467924118041992
0.023522377014160156
0.012231111526489258
0.030063629150390625
0.03114032745361328
0.026833057403564453
0.020188093185424805
0.02199721336364746
0.019002676010131836
0.04866600036621094
0.03678250312805176
0.038997650146484375
0.014470815658569336
0.03747749328613281
0.020002365112304688
0.02404308319091797
0.02170848846435547
0.04551553726196289
0.01997208595275879
0.02692437171936035
0.014527559280395508
0.015939712524414062
0.016445159912109375
0.013007164001464844
0.018259763717651367
0.040128231048583984
0.02011585235595703
0.03556084632873535
0.01593017578125
0.021931171417236328
0.02500009536743164
0.02237415313720703
0.013051986694335938
0.03408932685852051
0.033263206481933594
0.026413917541503906
0.020018577575683594
0.022002696990966797
0.022010087966918945
0.023670434951782227
0.026512861251831055
0.027991533279418945
0.03200364112854004
0.03307080268859863
0.021317481994628906
0.022861719131469727
0.02362537384033203
0.02310919761657715
0.026485681533813477
0.02724289894104004
0.02012348175048828
0.03516530990600586
0.022444963455200195
0.02093029022216797
0.02200460433959961
0.025518417358398438
0.022996187210083008
0.03003859519958496
0.021289825439453125
0.03393268585205078
0.02351665496826172
0.020020008087158203
0.023000001907348633
0.023476123809814453
0.02600407600402832
0.028558015823364258
0.023078441619873047
0.03351569175720215
0.01792144775390625
0.022001981735229492
0.025599956512451172
0.020999670028686523
0.025009870529174805
0.025094985961914062
0.02172541618347168
0.02005457878112793
0.011003732681274414
0.01396036148071289
0.01199793815612793
0.017686128616333008
0.024829387664794922
0.039002418518066406
0.033716440200805664
0.02992868423461914
0.025632619857788086
0.01963186264038086
0.02332019805908203
0.010977506637573242
0.02000284194946289
0.025521516799926758
0.03471660614013672
0.03230881690979004
0.024004220962524414
0.019649505615234375
0.025054931640625
0.019145965576171875
0.02100968360900879
0.032003164291381836
0.0390474796295166
0.03162527084350586
0.02100086212158203
0.019887685775756836
0.02442145347595215
0.0194549560546875
0.018195390701293945
0.035288333892822266
0.04151654243469238
0.031000614166259766
0.01963639259338379
0.021003246307373047
0.027757883071899414
0.01653313636779785
0.020538330078125
0.031080007553100586
0.02500152587890625
0.04100227355957031
0.016005992889404297
0.017909526824951172
0.02290177345275879
0.02090930938720703
0.01900339126586914
0.02444314956665039
0.027374744415283203
0.038513898849487305
0.028012752532958984
0.011000394821166992
0.02135777473449707
0.023109912872314453
0.01975536346435547
0.02575087547302246
0.042981624603271484
0.022540569305419922
0.012292861938476562
0.016002893447875977
0.13852190971374512
0.016067028045654297
0.03691363334655762
0.01974630355834961
0.028511762619018555
0.013840198516845703
0.028577566146850586
0.011036157608032227
0.016068458557128906
0.02577066421508789
0.0200042724609375
0.02630615234375
0.02249932289123535
0.018219947814941406
0.013003349304199219
0.01401376724243164
0.019669055938720703
0.026990890502929688
0.025513648986816406
0.01839137077331543
0.015434741973876953
0.011996984481811523
0.024520397186279297
0.02767038345336914
0.0345916748046875
0.014125585556030273
0.016999006271362305
0.031011581420898438
0.030523300170898438
0.014693737030029297
0.01717233657836914
0.02963423728942871
0.03742218017578125
0.015596866607666016
0.020251035690307617
0.024915218353271484
0.02582836151123047
0.03608393669128418
0.017000436782836914
0.014514684677124023
0.020778417587280273
0.03679394721984863
0.026004314422607422
0.026458740234375
0.012002706527709961
0.012005090713500977
0.014354228973388672
0.021914005279541016
0.028378009796142578
0.03051900863647461
0.01629328727722168
0.015517950057983398
0.03582620620727539
0.02300119400024414
0.026999711990356445
0.015967369079589844
0.017434120178222656
0.0196990966796875
0.03652358055114746
0.02130126953125
0.027002573013305664
0.019800424575805664
0.0182802677154541
0.014516592025756836
0.021912336349487305
0.021142244338989258
0.02446269989013672
0.019989967346191406
0.0259706974029541
0.026296377182006836
0.018616437911987305
0.01600360870361328
0.02984619140625
0.019840478897094727
0.015912771224975586
0.022005796432495117
0.02936553955078125
0.01883220672607422
0.01957559585571289
0.024532318115234375
0.019999980926513672
0.018369674682617188
0.015047073364257812
0.01952219009399414
0.023354768753051758
0.01991438865661621
0.02209329605102539
0.016002416610717773
0.0159151554107666
0.018286943435668945
0.02264690399169922
0.04375100135803223
0.02500319480895996
0.025633811950683594
0.016922712326049805
0.01799941062927246
0.017009735107421875
0.02469944953918457
0.013013839721679688
0.021925687789916992
0.025036334991455078
0.03178095817565918
0.024004459381103516
0.019990921020507812
0.01654791831970215
0.019513368606567383
0.01989889144897461
0.02499866485595703
0.012914180755615234
0.0317234992980957
0.017587900161743164
0.02300286293029785
0.01300191879272461
0.013467788696289062
0.01931142807006836
0.017778396606445312
0.02562093734741211
0.0255892276763916
0.01680779457092285
0.038552045822143555
0.01690053939819336
0.02528071403503418
0.018637895584106445
0.021751880645751953
0.019115209579467773
0.02024221420288086
0.035527706146240234
0.025877952575683594
0.008999824523925781
0.02501702308654785
0.028705596923828125
0.014340400695800781
0.02276754379272461
0.026455402374267578
0.018816471099853516
0.019362211227416992
0.015623331069946289
0.028235435485839844
0.03705716133117676
0.01894664764404297
0.01910710334777832
0.017412900924682617
0.028094768524169922
0.018002033233642578
0.021364688873291016
0.04745769500732422
0.0312809944152832
0.019737958908081055
0.025046348571777344
0.01687335968017578
0.02200031280517578
0.04351925849914551
0.018843650817871094
0.03051280975341797
0.015306234359741211
0.022739887237548828
0.02223992347717285
0.021749258041381836
0.029598474502563477
0.025003433227539062
0.014180421829223633
0.024201631546020508
0.024998903274536133
0.015999317169189453
0.017583131790161133
0.02000117301940918
0.042919158935546875
0.01200103759765625
0.028998374938964844
0.01900339126586914
0.02799820899963379
0.04024910926818848
0.022226810455322266
0.024998903274536133
0.012992143630981445
0.013512849807739258
0.027996301651000977
0.033518314361572266
0.015904903411865234
0.02500176429748535
0.014646768569946289
0.014562368392944336
0.03500819206237793
0.018994808197021484
0.024510622024536133
0.02190423011779785
0.025591135025024414
0.025007963180541992
0.01954817771911621
0.020176410675048828
0.02299952507019043
0.021364927291870117
0.017009496688842773
0.01064157485961914
0.01298832893371582
0.012006044387817383
0.013792037963867188
0.033041954040527344
0.02100825309753418
0.014178276062011719
0.0301666259765625
0.027526140213012695
0.012620687484741211
0.029021024703979492
0.014568090438842773
0.01200246810913086
0.014615774154663086
0.01792621612548828
0.01104879379272461
0.027190208435058594
0.030054330825805664
0.031687021255493164
0.011004447937011719
0.027124643325805664
0.014010429382324219
0.02793145179748535
0.014384031295776367
0.031548261642456055
0.0334010124206543
0.021439075469970703
0.014134645462036133
0.03351759910583496
0.028000593185424805
0.013951539993286133
0.013775110244750977
0.02361154556274414
0.019675493240356445
0.014992237091064453
0.018004417419433594
0.025829315185546875
0.03019118309020996
0.024995803833007812
0.027622461318969727
0.01500558853149414
0.02686142921447754
0.014618158340454102
0.0238950252532959
0.015231847763061523
0.019140243530273438
0.03051280975341797
0.015210390090942383
0.008921623229980469
0.026903867721557617
0.0426633358001709
0.013569831848144531
0.013351678848266602
0.02536940574645996
0.026241302490234375
0.01431584358215332
0.014322996139526367
0.019999265670776367
0.029265880584716797
0.02985358238220215
0.03876852989196777
0.017561674118041992
0.025996923446655273
0.013949871063232422
0.015203714370727539
0.03396964073181152
0.03655362129211426
0.01400136947631836
0.015576362609863281
0.012151479721069336
0.02631235122680664
0.04571413993835449
0.015886545181274414
0.014291048049926758
0.01800060272216797
0.019491910934448242
0.02311229705810547
0.012254476547241211
0.03315234184265137
0.017513751983642578
0.025252342224121094
0.020903587341308594
0.02538919448852539
0.033701181411743164
0.021458864212036133
0.03321576118469238
0.014514446258544922
0.017175912857055664
0.019999980926513672
0.04872322082519531
0.01200413703918457
0.015402793884277344
0.027994394302368164
0.012003898620605469
0.013012170791625977
0.011007547378540039
0.021472930908203125
0.027637720108032227
0.03106975555419922
0.018519878387451172
0.02600407600402832
0.024610519409179688
0.03343367576599121
0.02300262451171875
0.028608083724975586
0.013592720031738281
0.026579618453979492
0.02444767951965332
0.03548550605773926
0.039968013763427734
0.01956319808959961
0.02699732780456543
0.011976242065429688
0.05222368240356445
0.020700454711914062
0.023176193237304688
0.04003787040710449
0.019329547882080078
0.02001786231994629
0.012516021728515625
0.021001815795898438
0.04185032844543457
0.1405172348022461
0.014956474304199219
0.019504070281982422
0.03209209442138672
0.028348445892333984
0.021851301193237305
0.0311431884765625
0.022393465042114258
0.02500462532043457
0.029166221618652344
0.01399993896484375
0.023854494094848633
0.019463062286376953
0.038559675216674805
0.022003650665283203
0.035533905029296875
0.04144120216369629
0.028705596923828125
0.03920722007751465
0.018628358840942383
0.029495954513549805
0.029026269912719727
0.01933121681213379
0.013854503631591797
0.04497861862182617
0.02451610565185547
0.03552412986755371
0.05352067947387695
0.03151440620422363
0.03952383995056152
0.028531312942504883
0.02651190757751465
0.019997119903564453
0.04400134086608887
0.02100062370300293
0.032004594802856445
0.03542208671569824
0.025003671646118164
0.02953314781188965
0.03100728988647461
0.030002117156982422
0.023075342178344727
0.03170180320739746
0.040673017501831055
0.044516801834106445
0.027871370315551758
0.03145027160644531
0.04885125160217285
0.04049968719482422
0.030387163162231445
0.03455328941345215
0.04548907279968262
0.04300951957702637
0.021930217742919922
0.024507522583007812
0.03728437423706055
0.04107165336608887
0.02713298797607422
0.017177820205688477
0.03191733360290527
0.031809091567993164
0.035115718841552734
0.04102778434753418
0.0247189998626709
0.016188859939575195
0.017927885055541992
0.03201723098754883
0.040445566177368164
0.04434943199157715
0.026984214782714844
0.01843428611755371
0.01316213607788086
0.024786949157714844
0.035001277923583984
0.010804176330566406
0.024009227752685547
0.023997068405151367
0.016883134841918945
0.017923593521118164
0.032875776290893555
0.03379678726196289
0.015047311782836914
0.025501251220703125
0.02993297576904297
0.017998695373535156
0.024752378463745117
0.03481554985046387
0.04023289680480957
0.02203655242919922
0.04628729820251465
0.029001951217651367
0.015971660614013672
0.024268150329589844
0.03251481056213379
0.03790926933288574
0.02074742317199707
0.04353022575378418
0.032003164291381836
0.019419431686401367
0.020930767059326172
0.03634762763977051
0.04000234603881836
0.02132892608642578
0.043953895568847656
0.033921003341674805
0.01744556427001953
0.018001317977905273
0.02033257484436035
0.03132200241088867
0.017611980438232422
0.045801401138305664
0.028464555740356445
0.016701698303222656
0.03380894660949707
0.04251837730407715
0.022010087966918945
0.012986183166503906
0.04267263412475586
0.026009559631347656
0.03199458122253418
0.03794574737548828
0.022001028060913086
0.014999866485595703
0.04335212707519531
0.026685476303100586
0.027069091796875
0.03612971305847168
0.018546342849731445
0.015832185745239258
0.04366111755371094
0.030919551849365234
0.028319358825683594
0.04751420021057129
0.019999980926513672
0.01699972152709961
0.04001021385192871
0.02549576759338379
0.029977083206176758
0.04008793830871582
0.020171165466308594
0.042000770568847656
0.018001556396484375
0.028504371643066406
0.03148341178894043
0.04070568084716797
0.01640915870666504
0.03230404853820801
0.015007734298706055
0.028016328811645508
0.030130386352539062
0.029999494552612305
0.03141474723815918
0.0176239013671875
0.028266191482543945
0.02951812744140625
0.04246377944946289
0.03900551795959473
0.018002033233642578
0.02727341651916504
0.030004024505615234
0.04358172416687012
0.013994932174682617
0.04306745529174805
0.027683734893798828
0.03566789627075195
0.03471207618713379
0.01007986068725586
0.04100203514099121
0.03652548789978027
0.03320908546447754
0.026001453399658203
0.011005878448486328
0.041194915771484375
0.031028032302856445
0.03272557258605957
0.04000282287597656
0.017389535903930664
0.04292607307434082
0.027487993240356445
0.02983260154724121
0.03331446647644043
0.012990474700927734
0.038368940353393555
0.022988319396972656
0.02349543571472168
0.02624368667602539
0.023558855056762695
0.04024004936218262
0.019998788833618164
0.029522418975830078
0.028003692626953125
0.04273867607116699
0.14650249481201172
0.0418245792388916
0.012970924377441406
0.027997970581054688
0.032656192779541016
0.03303647041320801
0.030378103256225586
0.016000032424926758
0.028202533721923828
0.03023242950439453
0.04063248634338379
0.048400163650512695
0.018992900848388672
0.023967266082763672
0.030791044235229492
0.04000377655029297
0.038559675216674805
0.018035411834716797
0.02810072898864746
0.03151202201843262
0.03462648391723633
0.028504133224487305
0.01388692855834961
0.027317285537719727
0.03252720832824707
0.03778266906738281
0.036748409271240234
0.030974864959716797
0.031003952026367188
0.04365372657775879
0.042946815490722656
0.028917789459228516
0.031519174575805664
0.04212832450866699
0.050844669342041016
0.03328132629394531
0.03112173080444336
0.03981471061706543
0.04458737373352051
0.031334877014160156
0.03210115432739258
0.037003517150878906
0.037001848220825195
0.024992704391479492
0.03567194938659668
0.03501439094543457
0.04157590866088867
0.026947021484375
0.029793739318847656
0.03746461868286133
0.03453397750854492
0.02628326416015625
0.030999183654785156
0.03834128379821777
0.03402304649353027
0.027886152267456055
0.032715797424316406
0.03952217102050781
0.040021657943725586
0.014002799987792969
0.01900029182434082
0.03399991989135742
0.021329641342163086
0.009591817855834961
0.018309831619262695
0.01120305061340332
0.021727561950683594
0.02295851707458496
0.030002593994140625
0.012134552001953125
0.02805185317993164
0.013066530227661133
0.026436805725097656
0.02008652687072754
0.0261533260345459
0.015010595321655273
0.024999141693115234
0.018594741821289062
0.015007972717285156
0.017915010452270508
0.01446533203125
0.025217533111572266
0.03052520751953125
0.01409912109375
0.02792501449584961
0.01974010467529297
0.030517101287841797
0.021004676818847656
0.03371739387512207
0.01700282096862793
0.023943424224853516
0.011004447937011719
0.010221004486083984
0.03253316879272461
0.013953924179077148
0.014632940292358398
0.009001493453979492
0.008003711700439453
0.008895158767700195
0.02300286293029785
0.024007081985473633
0.014322519302368164
0.021091699600219727
0.021047115325927734
0.022027969360351562
0.023005008697509766
0.03205084800720215
0.020404815673828125
0.024018526077270508
0.019402027130126953
0.016516923904418945
0.028076171875
0.015467405319213867
0.018004894256591797
0.01963639259338379
0.028011322021484375
0.02900075912475586
0.043881893157958984
0.02607131004333496
0.014115333557128906
0.018519163131713867
0.025487661361694336
0.02400064468383789
0.025514602661132812
0.025996923446655273
0.03155207633972168
0.015523195266723633
0.024115800857543945
0.0175321102142334
0.01399993896484375
0.015002965927124023
0.016002416610717773
0.03152155876159668
0.017003297805786133
0.0335085391998291
0.017308473587036133
0.013996601104736328
0.021511316299438477
0.026004552841186523
0.02090740203857422
0.01992321014404297
0.026006460189819336
0.030003786087036133
0.03552389144897461
0.021999120712280273
0.021999597549438477
0.018616199493408203
0.017896175384521484
0.023526906967163086
0.023139238357543945
0.029626131057739258
0.024792194366455078
0.016807079315185547
0.017963171005249023
0.02637481689453125
0.02600717544555664
0.017610788345336914
0.035643577575683594
0.01300048828125
0.023512601852416992
0.015000343322753906
0.018001079559326172
0.020001649856567383
0.02131485939025879
0.026927947998046875
0.01047062873840332
0.011411428451538086
0.012088298797607422
0.01862955093383789
0.018004655838012695
0.01700758934020996
0.029490232467651367
0.010140419006347656
0.027896642684936523
0.025004863739013672
0.021522045135498047
0.030527353286743164
0.028257369995117188
0.025151491165161133
0.026274442672729492
0.019000530242919922
0.02365875244140625
0.033239126205444336
0.031286001205444336
0.01974630355834961
0.028476715087890625
0.028047561645507812
0.015934467315673828
0.013136625289916992
0.024268627166748047
0.016358613967895508
0.009000062942504883
0.01250004768371582
0.010000228881835938
0.02207803726196289
0.017191648483276367
0.012298345565795898
0.0326838493347168
0.02058267593383789
0.017482995986938477
0.021634817123413086
0.01600480079650879
0.024633169174194336
0.01900458335876465
0.021000385284423828
0.0345151424407959
0.03275561332702637
0.01581859588623047
0.01963329315185547
0.018324851989746094
0.01300358772277832
0.015253305435180664
0.01874852180480957
0.03294801712036133
0.02629685401916504
0.015101909637451172
0.0240020751953125
0.015506267547607422
0.020006656646728516
0.013643980026245117
0.021992921829223633
0.13040542602539062
0.03134751319885254
0.012003183364868164
0.015995264053344727
0.022496700286865234
0.03077220916748047
0.03206133842468262
0.021037578582763672
0.027725934982299805
0.026471614837646484
0.010159969329833984
0.02130413055419922
0.022047758102416992
0.019182682037353516
0.010001659393310547
0.019983768463134766
0.01900339126586914
0.017625808715820312
0.014264822006225586
0.016700029373168945
0.022507667541503906
0.01138758659362793
0.02319955825805664
0.024643421173095703
0.03030085563659668
0.010152816772460938
0.020437240600585938
0.021045923233032227
0.03246808052062988
0.0360112190246582
0.021277189254760742
0.009557485580444336
0.03325486183166504
0.012863636016845703
0.010176658630371094
0.013594865798950195
0.013004302978515625
0.0190274715423584
0.01857781410217285
0.01700425148010254
0.025389909744262695
0.015918493270874023
0.009911537170410156
0.016110897064208984
0.017014026641845703
0.014640092849731445
0.02600574493408203
0.03953957557678223
0.016359806060791016
0.010996580123901367
0.014928102493286133
0.026138782501220703
0.031842947006225586
0.019433975219726562
0.025951623916625977
0.030118465423583984
0.015498161315917969
0.018253087997436523
0.03683948516845703
0.022585391998291016
0.013211965560913086
0.027010440826416016
0.016004562377929688
0.01900506019592285
0.022572040557861328
0.02829146385192871
0.020926237106323242
0.018005847930908203
0.03171420097351074
0.019316434860229492
0.014965057373046875
0.03168082237243652
0.030559301376342773
0.024449825286865234
0.02444624900817871
0.03435397148132324
0.01778388023376465
0.026078224182128906
0.03101968765258789
0.031003236770629883
0.029999256134033203
0.015010833740234375
0.021800756454467773
0.03006911277770996
0.019019126892089844
0.02000904083251953
0.03500223159790039
0.012077093124389648
0.03800034523010254
0.031102418899536133
0.036486148834228516
0.015209197998046875
0.028497934341430664
0.026664257049560547
0.017026424407958984
0.02844095230102539
0.023003101348876953
0.01518869400024414
0.022000551223754883
0.01987767219543457
0.020389556884765625
0.08352828025817871
0.021012306213378906
0.026002883911132812
0.03200173377990723
0.021517038345336914
0.01512289047241211
0.05652022361755371
0.040040016174316406
0.03851938247680664
0.040517330169677734
0.012008190155029297
0.039006948471069336
0.018995046615600586
0.016001462936401367
0.0341641902923584
0.0110015869140625
0.011005640029907227
0.02209758758544922
0.04353523254394531
0.017520904541015625
0.03476357460021973
0.03600358963012695
0.018000364303588867
0.029579877853393555
0.0319666862487793
0.0521855354309082
0.0192105770111084
0.03701448440551758
0.014999866485595703
0.01300048828125
0.008002042770385742
0.013512134552001953
0.00983428955078125
0.010005712509155273
0.016002893447875977
0.022612571716308594
0.0113983154296875
0.03393054008483887
0.028001785278320312
0.013268232345581055
0.037001848220825195
0.02300238609313965
0.03247261047363281
0.03609180450439453
0.026911020278930664
0.01917266845703125
0.01800084114074707
0.02500748634338379
0.031767845153808594
0.014561891555786133
0.023894786834716797
0.02808690071105957
0.029006242752075195
0.021006345748901367
0.031241416931152344
0.012004375457763672
0.032015085220336914
0.026679515838623047
0.031981706619262695
0.03452157974243164
0.023537397384643555
0.009000539779663086
0.018002033233642578
0.029007673263549805
0.03608560562133789
0.009894847869873047
0.02891850471496582
0.03072357177734375
0.030522584915161133
0.010515928268432617
0.029685497283935547
0.023519277572631836
0.03300285339355469
0.04351496696472168
0.027520418167114258
0.012999773025512695
0.022997379302978516
0.016017436981201172
0.017996788024902344
0.013001680374145508
0.018056869506835938
0.02030467987060547
0.01400446891784668
0.03318929672241211
0.02840137481689453
0.02700495719909668
0.02200913429260254
0.024960041046142578
0.03232169151306152
0.03153109550476074
0.03299880027770996
0.02100062370300293
0.029002666473388672
0.17014241218566895
0.01719069480895996
0.010003805160522461
0.013588190078735352
0.038999319076538086
0.02416086196899414
0.017576932907104492
0.052523136138916016
0.025174379348754883
0.030822038650512695
0.029584407806396484
0.03499913215637207
0.020009994506835938
0.028006315231323242
0.027067899703979492
0.01951885223388672
0.032048702239990234
0.020476341247558594
0.025330305099487305
0.01900506019592285
0.04252266883850098
0.028104305267333984
0.025345802307128906
0.020003080368041992
0.027533292770385742
0.020998239517211914
0.023999929428100586
0.030518054962158203
0.01330709457397461
0.033026933670043945
0.01793050765991211
0.027507305145263672
0.034998416900634766
0.02378988265991211
0.030553579330444336
0.01151728630065918
0.028000831604003906
0.022004127502441406
0.020191192626953125
0.02100348472595215
0.01943492889404297
0.012004613876342773
0.034600019454956055
0.01331639289855957
0.020511865615844727
0.01587533950805664
0.04351210594177246
0.021439552307128906
0.029793262481689453
0.01308751106262207
0.026282310485839844
0.013514518737792969
0.02099919319152832
0.027865886688232422
0.026439189910888672
0.03864622116088867
0.017316818237304688
0.009087085723876953
0.021611452102661133
0.02899456024169922
0.04400205612182617
0.017247676849365234
0.015000104904174805
0.018001317977905273
0.02052021026611328
0.017838001251220703
0.032004356384277344
0.011004209518432617
0.026527881622314453
0.03734922409057617
0.010999917984008789
0.03418111801147461
0.022597312927246094
0.0263216495513916
0.03549957275390625
0.0550539493560791
0.03508806228637695
0.056000709533691406
0.014516592025756836
0.02251601219177246
0.018016576766967773
0.02092576026916504
0.01099705696105957
0.02150440216064453
0.03220939636230469
0.014690399169921875
0.029406070709228516
0.02367115020751953
0.026271343231201172
0.032233476638793945
0.035898685455322266
0.030660390853881836
0.05004596710205078
0.020924091339111328
0.01600050926208496
0.03826403617858887
0.021486282348632812
0.03138399124145508
0.031429290771484375
0.01199793815612793
0.03696870803833008
0.014997720718383789
0.02324652671813965
0.02783370018005371
0.024517536163330078
0.024319171905517578
0.021504878997802734
0.01300358772277832
0.031592607498168945
0.025000810623168945
0.024325847625732422
0.02001166343688965
0.018996238708496094
0.02451801300048828
0.02500772476196289
0.034001827239990234
0.0360112190246582
0.03705000877380371
0.032476186752319336
0.013519287109375
0.025941848754882812
0.030226707458496094
0.023997783660888672
0.020734548568725586
0.036052703857421875
0.012585163116455078
0.023325443267822266
0.009006738662719727
0.03501749038696289
0.02299809455871582
0.01799917221069336
0.018004655838012695
0.032999515533447266
0.030031204223632812
0.03853130340576172
0.04053449630737305
0.02795720100402832
0.01329803466796875
0.02959132194519043
0.026638269424438477
0.029660940170288086
0.028002262115478516
0.019155025482177734
0.019620895385742188
0.032526493072509766
0.02400374412536621
0.022525310516357422
0.0151214599609375
0.029998779296875
0.0245206356048584
0.06854009628295898
0.03351545333862305
0.024023771286010742
0.026472091674804688
0.031313419342041016
0.021999359130859375
0.023209333419799805
0.018983125686645508
0.009793519973754883
0.01300048828125
0.02599954605102539
0.021895170211791992
0.015040397644042969
0.1244194507598877
0.041518211364746094
0.03151535987854004
0.025003433227539062
0.03900575637817383
0.030173778533935547
0.08543086051940918
0.06100630760192871
0.03699636459350586
0.01799941062927246
0.0370028018951416
0.035300493240356445
0.05396461486816406
0.12711644172668457
0.012000799179077148
0.028083086013793945
0.06252217292785645
0.010996818542480469
0.009590625762939453
0.025510787963867188
0.017475605010986328
0.14465737342834473
0.03156232833862305
0.046486854553222656
0.04306530952453613
0.014636516571044922
0.02619194984436035
0.039002418518066406
0.034508705139160156
0.029998779296875
0.016079425811767578
0.018008708953857422
0.021492719650268555
0.051711320877075195
0.013003110885620117
0.013096809387207031
0.014589548110961914
0.019003868103027344
0.042823076248168945
0.02700495719909668
0.01573967933654785
0.02004528045654297
0.03199577331542969
0.01279902458190918
0.044996023178100586
0.017192840576171875
0.020870685577392578
0.02969217300415039
0.0157315731048584
0.04381275177001953
0.014488697052001953
0.01951146125793457
0.022914886474609375
0.03851056098937988
0.03321218490600586
0.028170347213745117
0.020722150802612305
0.02339482307434082
0.031999826431274414
0.02853083610534668
0.02099919319152832
0.015999555587768555
0.03951692581176758
0.012924909591674805
0.0269625186920166
0.011393308639526367
0.034182071685791016
0.014008283615112305
0.03851819038391113
0.013004064559936523
0.02368617057800293
0.015520572662353516
0.03600168228149414
0.02699112892150879
0.02952098846435547
0.030004024505615234
0.019998550415039062
0.02629256248474121
0.01900172233581543
0.013672113418579102
0.02493906021118164
0.01833486557006836
0.020824909210205078
0.015027999877929688
0.02200913429260254
0.04500079154968262
0.018999814987182617
0.02452373504638672
0.0225832462310791
0.014396905899047852
0.02253127098083496
0.016603469848632812
0.019514799118041992
0.017003297805786133
0.01601123809814453
0.05500459671020508
0.02599620819091797
0.03299975395202637
0.037355661392211914
0.018002748489379883
0.02350902557373047
0.021050691604614258
0.019356250762939453
0.02200174331665039
0.029997587203979492
0.03301048278808594
0.02422785758972168
0.03651714324951172
0.03551888465881348
0.02501058578491211
0.028968095779418945
0.021746158599853516
0.03034210205078125
0.024637937545776367
0.025005340576171875
0.027570009231567383
0.027832984924316406
0.043335914611816406
0.025961875915527344
0.03400421142578125
0.018346548080444336
0.0220334529876709
0.03702569007873535
0.021001338958740234
0.027001619338989258
0.03326988220214844
0.015788555145263672
0.027857542037963867
0.02000594139099121
0.019908666610717773
0.020108938217163086
0.04400181770324707
0.020995140075683594
0.016999006271362305
0.020499706268310547
0.0480039119720459
0.02400374412536621
0.019034862518310547
0.029496192932128906
0.021440744400024414
0.05399918556213379
0.02200484275817871
0.01883077621459961
0.030035734176635742
0.025187253952026367
0.05200982093811035
0.021143198013305664
0.025083303451538086
0.03200531005859375
0.015229225158691406
0.05031776428222656
0.018002748489379883
0.02075982093811035
0.03197669982910156
0.0180056095123291
0.04400229454040527
0.022003889083862305
0.01950979232788086
0.0205233097076416
0.023575782775878906
0.05912637710571289
0.02100086212158203
0.01694631576538086
0.02030014991760254
0.04199814796447754
0.05699753761291504
0.01699662208557129
0.019518136978149414
0.04271960258483887
0.05106401443481445
0.02300095558166504
0.017908334732055664
0.020992040634155273
0.03906655311584473
0.04652142524719238
0.01654982566833496
0.02399468421936035
0.021898746490478516
0.020682811737060547
0.03213334083557129
0.04100799560546875
0.01799798011779785
0.018999338150024414
0.028235435485839844
0.029999971389770508
0.041078805923461914
0.021001100540161133
0.015001535415649414
0.02853250503540039
0.03000330924987793
0.03052043914794922
0.018999338150024414
0.01999688148498535
0.031999826431274414
0.039270639419555664
0.036896705627441406
0.021997928619384766
0.018520116806030273
0.04369091987609863
0.03501129150390625
0.031085968017578125
0.02719402313232422
0.01999950408935547
0.05499982833862305
0.023318767547607422
0.03429436683654785
0.035996437072753906
0.013996362686157227
0.020229101181030273
0.10910725593566895
0.01597428321838379
0.02958512306213379
0.03399944305419922
0.020281553268432617
0.021494626998901367
0.09855008125305176
0.017005205154418945
0.04186606407165527
0.04253125190734863
0.017526865005493164
0.019998550415039062
0.12985754013061523
0.016990184783935547
0.01600360870361328
0.049515724182128906
0.049540042877197266
0.02107715606689453
0.01756429672241211
0.11476278305053711
0.015525102615356445
0.023000478744506836
0.04052162170410156
0.03460383415222168
0.028000831604003906
0.0199737548828125
0.1506023406982422
0.013997793197631836
0.018580198287963867
0.05354595184326172
0.021521806716918945
0.03000926971435547
0.013000965118408203
0.12961053848266602
0.016001462936401367
0.11984634399414062
0.043529510498046875
0.027004718780517578
0.033519744873046875
0.01600050926208496
0.13367366790771484
0.017105817794799805
0.044571638107299805
0.023998498916625977
0.02899932861328125
0.013002157211303711
0.10776638984680176
0.016995906829833984
0.021286964416503906
0.033011436462402344
0.018999099731445312
0.032529354095458984
0.016003847122192383
0.12539005279541016
0.02020549774169922
0.019917964935302734
0.028998851776123047
0.01851367950439453
0.03801131248474121
0.018993377685546875
0.13700175285339355
0.02601170539855957
0.019001245498657227
0.037986040115356445
0.01900005340576172
0.12152218818664551
0.016815185546875
0.01609325408935547
0.031128644943237305
0.01699995994567871
0.0560002326965332
0.02003002166748047
0.14914846420288086
0.01212453842163086
0.028211116790771484
0.028513669967651367
0.025022029876708984
0.013074398040771484
0.12248373031616211
0.027914762496948242
0.02400040626525879
0.04651594161987305
0.02912592887878418
0.12425494194030762
0.021796703338623047
0.03400850296020508
0.04164767265319824
0.02399897575378418
0.11006331443786621
0.03134608268737793
0.03500247001647949
0.020004749298095703
0.01634359359741211
0.12447237968444824
0.027997255325317383
0.039521217346191406
0.01903367042541504
0.015630722045898438
0.09053254127502441
0.02606678009033203
0.04600238800048828
0.015690326690673828
0.11375045776367188
0.022522687911987305
0.032012939453125
0.040999650955200195
0.0350947380065918
0.0366663932800293
0.01651477813720703
0.03135800361633301
0.02800440788269043
0.015171527862548828
0.02920675277709961
0.04452204704284668
0.019379615783691406
0.019095659255981445
0.04800152778625488
0.012906074523925781
0.022899866104125977
0.02291393280029297
0.02633070945739746
0.01599907875061035
0.023039817810058594
0.021000146865844727
0.035170555114746094
0.03200697898864746
0.0189211368560791
0.027012109756469727
0.01699972152709961
0.02799391746520996
0.0308382511138916
0.043302297592163086
0.02942633628845215
0.02018570899963379
0.03653550148010254
0.014913797378540039
0.020003318786621094
0.013268232345581055
0.0186309814453125
0.015021562576293945
0.0184171199798584
0.021003007888793945
0.0295870304107666
0.013002634048461914
0.024011611938476562
0.027333736419677734
0.013997077941894531
0.021260738372802734
0.03188276290893555
0.017002344131469727
0.021044015884399414
0.029004812240600586
0.016007661819458008
0.018196821212768555
0.03699898719787598
0.040997982025146484
0.017301559448242188
0.024102210998535156
0.013749361038208008
0.018004179000854492
0.017060041427612305
0.015999794006347656
0.022003173828125
0.0175168514251709
0.021399736404418945
0.0209043025970459
0.02700066566467285
0.024934053421020508
0.02870655059814453
0.013997793197631836
0.013707876205444336
0.018525362014770508
0.023111343383789062
0.027998685836791992
0.025020837783813477
0.04352402687072754
0.009994745254516602
0.01751852035522461
0.009004831314086914
0.011000633239746094
0.011083602905273438
0.021004438400268555
0.02343463897705078
0.04115033149719238
0.014999866485595703
0.013999700546264648
0.01400136947631836
0.009827613830566406
0.032007455825805664
0.02051544189453125
0.03400230407714844
0.014004230499267578
0.016005754470825195
0.009999990463256836
0.01303243637084961
0.035794734954833984
0.03911304473876953
0.026518821716308594
0.04201340675354004
0.014002323150634766
0.01253962516784668
0.012002944946289062
0.017147302627563477
0.025254487991333008
0.036000728607177734
0.02850961685180664
0.023995637893676758
0.037537336349487305
0.012005805969238281
0.013999700546264648
0.01745319366455078
0.023424625396728516
0.029702186584472656
0.023517131805419922
0.04270195960998535
0.01640629768371582
0.01798558235168457
0.01713395118713379
0.015002965927124023
0.008165121078491211
0.011265754699707031
0.009999990463256836
0.02599477767944336
0.030004262924194336
0.021002531051635742
0.04852604866027832
0.011057615280151367
0.011295557022094727
0.014558792114257812
0.012007951736450195
0.016000747680664062
0.018465757369995117
0.020994186401367188
0.013005256652832031
0.017634868621826172
0.032711029052734375
0.012520074844360352
0.02689528465270996
0.01836395263671875
0.026911020278930664
0.018950223922729492
0.03377127647399902
0.013339757919311523
0.013224601745605469
0.03731799125671387
0.019560813903808594
0.017001867294311523
0.01789259910583496
0.026003599166870117
0.01662755012512207
0.014998674392700195
0.012519598007202148
0.02100372314453125
0.021519899368286133
0.013002872467041016
0.013532876968383789
0.046935081481933594
0.018446922302246094
0.02723836898803711
0.03733062744140625
0.021389007568359375
0.0185701847076416
0.009485006332397461
0.025832176208496094
0.013541698455810547
0.014004707336425781
0.0315701961517334
0.016989946365356445
0.026515483856201172
0.020807981491088867
0.013005256652832031
0.013214111328125
0.018409252166748047
0.012970685958862305
0.022044658660888672
0.020386934280395508
0.012393474578857422
0.027321338653564453
0.05211639404296875
0.021526336669921875
0.029903650283813477
0.027622222900390625
0.024904489517211914
0.014321088790893555
0.011004924774169922
0.027220964431762695
0.018000125885009766
0.017005443572998047
0.025003671646118164
0.03599691390991211
0.018004655838012695
0.040228843688964844
0.021994829177856445
0.013297319412231445
0.015013694763183594
0.020003080368041992
0.02720355987548828
0.03176116943359375
0.015457630157470703
0.024236440658569336
0.028319358825683594
0.014503955841064453
0.040769100189208984
0.023532390594482422
0.030519485473632812
0.01600503921508789
0.018349409103393555
0.015311717987060547
0.023999691009521484
0.026296138763427734
0.03753089904785156
0.021005868911743164
0.02200484275817871
0.016000747680664062
0.016000032424926758
0.03874039649963379
0.027698040008544922
0.018044233322143555
0.024914979934692383
0.018198728561401367
0.012856245040893555
0.01462244987487793
0.033365488052368164
0.024968862533569336
0.02952265739440918
0.041971445083618164
0.0346224308013916
0.014998674392700195
0.017252445220947266
0.03351330757141113
0.01793837547302246
0.02662825584411621
0.026935577392578125
0.03353261947631836
0.022996187210083008
0.01700115203857422
0.03414607048034668
0.019521713256835938
0.022002696990966797
0.013573169708251953
0.023354053497314453
0.033440351486206055
0.020917654037475586
0.010611772537231445
0.020003318786621094
0.03177237510681152
0.02364516258239746
0.02089548110961914
0.030274152755737305
0.01892685890197754
0.03600287437438965
0.012904167175292969
0.020003318786621094
0.04291486740112305
0.024302959442138672
0.028000593185424805
0.05153083801269531
0.02231574058532715
0.027002573013305664
0.016999006271362305
0.012614727020263672
0.020438194274902344
0.03324723243713379
0.01704883575439453
0.025008678436279297
0.018999099731445312
0.021003007888793945
0.032025814056396484
0.024524450302124023
0.12894797325134277
0.026255130767822266
0.029187440872192383
0.029521703720092773
0.013999462127685547
0.01363372802734375
0.04134726524353027
0.013620376586914062
0.022324085235595703
0.03900146484375
0.044995784759521484
0.03300118446350098
0.030997753143310547
0.01971149444580078
0.020041227340698242
0.023614883422851562
0.01394033432006836
0.015920162200927734
0.02516341209411621
0.03641700744628906
0.017027616500854492
0.015008926391601562
0.033553123474121094
0.0245208740234375
0.024999141693115234
0.04622793197631836
0.02699565887451172
0.03490185737609863
0.027014970779418945
0.02072429656982422
0.03359484672546387
0.0192720890045166
0.008960247039794922
0.042519569396972656
0.044519662857055664
0.0275270938873291
0.03397250175476074
0.020238399505615234
0.013933420181274414
0.027613401412963867
0.02420330047607422
0.019164562225341797
0.02887558937072754
0.0358583927154541
0.020507335662841797
0.02099609375
0.01492166519165039
0.026485204696655273
0.031007051467895508
0.025521516799926758
0.03206014633178711
0.02786421775817871
0.029227495193481445
0.019924640655517578
0.012722969055175781
0.028204679489135742
0.016689062118530273
0.015995264053344727
0.04100203514099121
0.04700160026550293
0.026001453399658203
0.02951979637145996
0.018000364303588867
0.017349720001220703
0.014507532119750977
0.014954566955566406
0.02659749984741211
0.036566972732543945
0.010997533798217773
0.023235797882080078
0.014205217361450195
0.024974346160888672
0.03729820251464844
0.029018878936767578
0.01869487762451172
0.02894902229309082
0.02169656753540039
0.03349614143371582
0.016157150268554688
0.011570930480957031
0.013217687606811523
0.03714394569396973
0.02900862693786621
0.044157981872558594
0.05007815361022949
0.021997451782226562
0.02616429328918457
0.01699686050415039
0.03899955749511719
0.02032327651977539
0.01893019676208496
0.029534101486206055
0.027009963989257812
0.029135465621948242
0.011780023574829102
0.013538837432861328
0.011353254318237305
0.028557300567626953
0.04538536071777344
0.023076295852661133
0.03099989891052246
0.015190839767456055
0.010000467300415039
0.02684640884399414
0.0149993896484375
0.016109228134155273
0.013961553573608398
0.04068899154663086
0.023001432418823242
0.026109695434570312
0.02952885627746582
0.02100682258605957
0.019809246063232422
0.02599787712097168
0.0176239013671875
0.017652511596679688
0.009949445724487305
0.02521061897277832
0.03299546241760254
0.015671968460083008
0.010195016860961914
0.013086080551147461
0.03999924659729004
0.030519485473632812
0.0199277400970459
0.03377056121826172
0.03751635551452637
0.009858131408691406
0.018442630767822266
0.03653144836425781
0.017053604125976562
0.020895719528198242
0.014995098114013672
0.04369306564331055
0.04352116584777832
0.0279998779296875
0.025999784469604492
0.01399683952331543
0.021007776260375977
0.014999866485595703
0.015510320663452148
0.014665842056274414
0.0348663330078125
0.039556264877319336
0.020118236541748047
0.0160672664642334
0.02056741714477539
0.031412363052368164
0.03714561462402344
0.03150367736816406
0.026935815811157227
0.03775286674499512
0.01300358772277832
0.02090001106262207
0.0229952335357666
0.03160858154296875
0.016003847122192383
0.018355369567871094
0.03465127944946289
0.032002925872802734
0.0230410099029541
0.0339963436126709
0.021872282028198242
0.016784191131591797
0.024002790451049805
0.014065265655517578
0.028542518615722656
0.014369010925292969
0.04152870178222656
0.019155025482177734
0.013855934143066406
0.02500319480895996
0.021786928176879883
0.04615426063537598
0.03136920928955078
0.13558030128479004
0.023000240325927734
0.036023616790771484
0.03262925148010254
0.013604164123535156
0.04647374153137207
0.022627830505371094
0.024004220962524414
0.025099754333496094
0.039515018463134766
0.030900001525878906
0.017998695373535156
0.022008180618286133
0.03399968147277832
0.017998933792114258
0.021514415740966797
0.01902484893798828
0.02940058708190918
0.022005081176757812
0.017009973526000977
0.03600335121154785
0.0178225040435791
0.017318010330200195
0.026651859283447266
0.0143280029296875
0.03647208213806152
0.02765679359436035
0.022333621978759766
0.023115158081054688
0.019261598587036133
0.015877246856689453
0.018999814987182617
0.026997804641723633
0.029104232788085938
0.026276111602783203
0.020004987716674805
0.03988909721374512
0.03903627395629883
0.020015239715576172
0.025003910064697266
0.015519142150878906
0.01800060272216797
0.01762866973876953
0.021517515182495117
0.02000117301940918
0.026001930236816406
0.022156476974487305
0.013618946075439453
0.041014671325683594
0.01900458335876465
0.011554241180419922
0.014514446258544922
0.007871627807617188
0.025005578994750977
0.014200448989868164
0.026757478713989258
0.01707291603088379
0.04566764831542969
0.0121307373046875
0.01651310920715332
0.02837681770324707
0.021448612213134766
0.032788753509521484
0.025819063186645508
0.05085110664367676
0.01810622215270996
0.02202320098876953
0.03352499008178711
0.01799941062927246
0.02099752426147461
0.011519432067871094
0.02200007438659668
0.01999497413635254
0.02918386459350586
0.029257774353027344
0.01950550079345703
0.029227018356323242
0.06415510177612305
0.01494455337524414
0.02899909019470215
0.03392219543457031
0.04239630699157715
0.012009620666503906
0.02499985694885254
0.01438140869140625
0.015496969223022461
0.018979787826538086
0.03535318374633789
0.019773483276367188
0.02814340591430664
0.020476102828979492
0.009697914123535156
0.0245208740234375
0.030556678771972656
0.020560026168823242
0.019000768661499023
0.023996829986572266
0.015997648239135742
0.024623632431030273
0.03335428237915039
0.011005640029907227
0.04176902770996094
0.01922130584716797
0.030008792877197266
0.019006729125976562
0.0330045223236084
0.017241954803466797
0.02409076690673828
0.04700040817260742
0.010114908218383789
0.025005578994750977
0.04352068901062012
0.02053546905517578
0.03151702880859375
0.018262863159179688
0.01793503761291504
0.026442289352416992
0.02400040626525879
0.03502655029296875
0.008565425872802734
0.020842790603637695
0.017034292221069336
0.023077726364135742
0.022998332977294922
0.03751945495605469
0.04102778434753418
0.019017457962036133
0.03171229362487793
0.028918743133544922
0.031009912490844727
0.014995813369750977
0.010509967803955078
0.022999286651611328
0.015989303588867188
0.01934671401977539
0.018552780151367188
0.04251694679260254
0.019051074981689453
0.0180356502532959
0.02200007438659668
0.0328981876373291
0.03752017021179199
0.012002706527709961
0.026277780532836914
0.016002893447875977
0.01999664306640625
0.0168304443359375
0.02700662612915039
0.04134535789489746
0.010520458221435547
0.01977229118347168
0.023009777069091797
0.05401015281677246
0.012001514434814453
0.028530120849609375
0.05952930450439453
0.010001420974731445
0.03403019905090332
0.03900933265686035
0.020999431610107422
0.03299546241760254
0.023527860641479492
0.03653764724731445
0.02200174331665039
0.008999824523925781
0.026996135711669922
0.02151656150817871
0.014001131057739258
0.025000572204589844
0.01752305030822754
0.020905494689941406
0.0179595947265625
0.04707622528076172
0.06364250183105469
0.022027015686035156
0.04599642753601074
0.028000593185424805
0.04300642013549805
0.04518628120422363
0.019003868103027344
0.037694454193115234
0.011005640029907227
0.0425257682800293
0.03261113166809082
0.021001815795898438
0.021996498107910156
0.017999887466430664
0.012999534606933594
0.05249834060668945
0.03000044822692871
0.03127622604370117
0.021008014678955078
0.054381608963012695
0.03700113296508789
0.06235647201538086
0.03200483322143555
0.03413796424865723
0.02652597427368164
0.01816534996032715
0.059000492095947266
0.047516584396362305
0.020535945892333984
0.039000511169433594
0.01200723648071289
0.02700185775756836
0.04600334167480469
0.010997295379638672
0.03798842430114746
0.04499983787536621
0.019003868103027344
0.03499579429626465
0.023999929428100586
0.030004024505615234
0.04252958297729492
0.011521339416503906
0.07011151313781738
0.061531782150268555
0.022513151168823242
0.0350041389465332
0.017997026443481445
0.04151415824890137
0.05553150177001953
0.027005910873413086
0.03898286819458008
0.02400493621826172
0.031529903411865234
0.012000560760498047
0.030534982681274414
0.030997037887573242
0.0345311164855957
0.016138553619384766
0.020998716354370117
0.01500248908996582
0.05401158332824707
0.019002676010131836
0.06738591194152832
0.08800244331359863
0.02152228355407715
0.020003557205200195
0.022999048233032227
0.019090652465820312
0.03700613975524902
0.02100372314453125
0.046997785568237305
0.03299903869628906
0.02599954605102539
0.028516530990600586
0.02052164077758789
0.012993812561035156
0.02952122688293457
0.024898767471313477
0.0397188663482666
0.01799941062927246
0.05299735069274902
0.041521549224853516
0.05200052261352539
0.019010543823242188
0.033010005950927734
0.03200173377990723
0.04207205772399902
0.04500269889831543
0.03700089454650879
0.04300093650817871
0.03599905967712402
0.030535459518432617
0.024517297744750977
0.016940593719482422
0.030003786087036133
0.03923535346984863
0.02900099754333496
0.01899862289428711
0.032533884048461914
0.04852700233459473
0.028995275497436523
0.03362774848937988
0.023514270782470703
0.051526784896850586
0.026013851165771484
0.03500056266784668
0.06401205062866211
0.04500174522399902
0.030012845993041992
0.015517950057983398
0.0320587158203125
0.029000043869018555
0.03552603721618652
0.05752921104431152
0.02599358558654785
0.058005332946777344
0.008998870849609375
0.017003774642944336
0.020000219345092773
0.017002582550048828
0.03300142288208008
0.06200075149536133
0.15605616569519043
0.011997222900390625
0.042525529861450195
0.024999141693115234
0.033998966217041016
0.04384589195251465
0.035521745681762695
0.030997037887573242
0.032997846603393555
0.02499699592590332
0.028052091598510742
0.05501055717468262
0.03500008583068848
0.01800060272216797
0.0455317497253418
0.020000934600830078
0.06751799583435059
0.017999649047851562
0.03751969337463379
0.021999597549438477
0.014002323150634766
0.02800273895263672
0.031000375747680664
0.02430248260498047
0.03499579429626465
0.04151511192321777
0.029998779296875
0.021001338958740234
0.047995567321777344
0.03799700736999512
0.011009693145751953
0.05952644348144531
0.02700042724609375
0.0240023136138916
0.03699374198913574
0.017000913619995117
0.04706239700317383
0.030999422073364258
0.02699756622314453
0.05900001525878906
0.01351785659790039
0.014012336730957031
0.02301621437072754
0.045000553131103516
0.016515016555786133
0.02000904083251953
0.02100348472595215
0.02899789810180664
0.06852388381958008
0.025013208389282227
0.017999649047851562
0.023015499114990234
0.050989389419555664
0.014516830444335938
0.1815481185913086
0.029999494552612305
0.02300119400024414
0.03401541709899902
0.01600360870361328
0.0189974308013916
0.014000177383422852
0.03301358222961426
0.02900218963623047
0.0435328483581543
0.021004438400268555
0.19405746459960938
0.044521331787109375
0.016011953353881836
0.06153368949890137
0.03652548789978027
0.013007640838623047
0.03753852844238281
0.021006345748901367
0.03800344467163086
0.020999670028686523
0.013000965118408203
0.023998737335205078
0.021999359130859375
0.07351994514465332
0.021001577377319336
0.02700066566467285
0.05299520492553711
0.06200218200683594
0.025000810623168945
0.020000934600830078
0.028525352478027344
0.03151822090148926
0.061638832092285156
0.024002790451049805
0.009999513626098633
0.022519350051879883
0.006000518798828125
0.0210115909576416
0.026052474975585938
0.02601003646850586
0.037049293518066406
0.028521299362182617
0.05306529998779297
0.029520511627197266
0.027011394500732422
0.0409998893737793
0.03399944305419922
0.0200042724609375
0.018542051315307617
0.017995357513427734
0.02109217643737793
0.028999805450439453
0.024999380111694336
0.03800797462463379
0.039003610610961914
0.01800823211669922
0.04499936103820801
0.0240020751953125
0.01700592041015625
0.017994403839111328
0.04300284385681152
0.024997711181640625
0.012003183364868164
0.024398326873779297
0.009840250015258789
0.00925755500793457
0.017008543014526367
0.031004667282104492
0.016003131866455078
0.02801346778869629
0.015736103057861328
0.027521848678588867
0.030566692352294922
0.019998550415039062
0.01701664924621582
0.02199840545654297
0.016520023345947266
0.012520074844360352
0.03201007843017578
0.022426128387451172
0.02401113510131836
0.02400517463684082
0.03100419044494629
0.031003236770629883
0.01999950408935547
0.0242462158203125
0.031995534896850586
0.01900172233581543
0.01799798011779785
0.026516199111938477
0.020519733428955078
0.019001007080078125
0.028998613357543945
0.03251242637634277
0.015001296997070312
0.013993501663208008
0.012006998062133789
0.024755001068115234
0.02000141143798828
0.010910987854003906
0.035208702087402344
0.017650365829467773
0.015606164932250977
0.013004541397094727
0.014585733413696289
0.016200780868530273
0.00998687744140625
0.01900935173034668
0.01999974250793457
0.023243427276611328
0.024123668670654297
0.022586345672607422
0.021048545837402344
0.020000934600830078
0.020003795623779297
0.01999831199645996
0.01647210121154785
0.016484737396240234
0.03174018859863281
0.023510217666625977
0.03350329399108887
0.011681079864501953
0.030003070831298828
0.021289825439453125
0.015436649322509766
0.041605472564697266
0.019003629684448242
0.01699972152709961
0.02400064468383789
0.021001100540161133
0.030997514724731445
0.026028156280517578
0.026501178741455078
0.012284517288208008
0.028454065322875977
0.018132925033569336
0.015004396438598633
0.04366755485534668
0.019745588302612305
0.01247715950012207
0.02201056480407715
0.02321791648864746
0.04742908477783203
0.013227701187133789
0.011996746063232422
0.009000062942504883
0.013755321502685547
0.011511802673339844
0.013150930404663086
0.010772228240966797
0.010668039321899414
0.017514467239379883
0.010782480239868164
0.039058685302734375
0.01864767074584961
0.03701615333557129
0.020004987716674805
0.036301612854003906
0.012999534606933594
0.020000457763671875
0.029600858688354492
0.03254890441894531
0.0165097713470459
0.01800084114074707
0.026487350463867188
0.0280001163482666
0.024517297744750977
0.008896350860595703
0.023354053497314453
0.019921541213989258
0.028008460998535156
0.015300989151000977
0.02701091766357422
0.03909134864807129
0.032182931900024414
0.013839483261108398
0.0235140323638916
0.013003826141357422
0.046515703201293945
0.01720285415649414
0.012852191925048828
0.02324199676513672
0.0264890193939209
0.04257082939147949
0.013005971908569336
0.012826204299926758
0.01343226432800293
0.02996516227722168
0.039096832275390625
0.02090144157409668
0.022000789642333984
0.012502431869506836
0.0189969539642334
0.019003629684448242
0.03640627861022949
0.024007797241210938
0.013179779052734375
0.012457847595214844
0.022005558013916016
0.012976646423339844
0.03199625015258789
0.015556097030639648
0.012008428573608398
0.03323817253112793
0.02157735824584961
0.012551307678222656
0.03600478172302246
0.018596649169921875
0.030201435089111328
0.013052701950073242
0.03705573081970215
0.011667728424072266
0.020520687103271484
0.03994488716125488
0.040003299713134766
0.011949777603149414
0.025882482528686523
0.013006448745727539
0.013996362686157227
0.01600193977355957
0.010996580123901367
0.01367950439453125
0.027325153350830078
0.03152298927307129
0.013998746871948242
0.02651500701904297
0.013705253601074219
0.014507532119750977
0.01900506019592285
0.013855457305908203
0.025989055633544922
0.02684307098388672
0.04532504081726074
0.015826940536499023
0.027645587921142578
0.018358469009399414
0.018810272216796875
0.012943267822265625
0.01224660873413086
0.02656412124633789
0.021555662155151367
0.022003173828125
0.037358760833740234
0.01593017578125
0.03154563903808594
0.014670848846435547
0.01755213737487793
0.01300048828125
0.016031503677368164
0.030186891555786133
0.026981353759765625
0.018163204193115234
0.04601240158081055
0.011262893676757812
0.01305699348449707
0.011008262634277344
0.015004158020019531
0.018749475479125977
0.011700630187988281
0.016074419021606445
0.02660822868347168
0.01552128791809082
0.04142570495605469
0.01049494743347168
0.012904882431030273
0.014120101928710938
0.02062845230102539
0.031920671463012695
0.016523361206054688
0.016525745391845703
0.03034520149230957
0.046138763427734375
0.026773929595947266
0.03356742858886719
0.020531177520751953
0.019997596740722656
0.020989179611206055
0.015590190887451172
0.01800990104675293
0.028378009796142578
0.02051091194152832
0.025005102157592773
0.011001825332641602
0.013210296630859375
0.014965534210205078
0.011121034622192383
0.012149572372436523
0.016002893447875977
0.035066843032836914
0.015001535415649414
0.0386960506439209
0.013581514358520508
0.029937028884887695
0.02200460433959961
0.02193927764892578
0.018050432205200195
0.019480228424072266
0.015032291412353516
0.029074430465698242
0.013510465621948242
0.028844118118286133
0.017998456954956055
0.03005194664001465
0.01800370216369629
0.012550592422485352
0.013996601104736328
0.017089128494262695
0.029000282287597656
0.015970230102539062
0.030933380126953125
0.01385951042175293
0.01731085777282715
0.022059917449951172
0.02778792381286621
0.011062383651733398
0.01492762565612793
0.01830124855041504
0.03119683265686035
0.016925334930419922
0.031500816345214844
0.010999917984008789
0.020104408264160156
0.03651142120361328
0.022519350051879883
0.014276504516601562
0.011988162994384766
0.021924257278442383
0.025905132293701172
0.03374624252319336
0.04399895668029785
0.03052067756652832
0.016918420791625977
0.014017820358276367
0.015098333358764648
0.013075113296508789
0.016003847122192383
0.012218713760375977
0.016270160675048828
0.024996042251586914
0.028636693954467773
0.021980762481689453
0.024714231491088867
0.015005826950073242
0.023952960968017578
0.02141094207763672
0.017829179763793945
0.015999317169189453
0.01920628547668457
0.01300358772277832
0.01656818389892578
0.02530646324157715
0.038002967834472656
0.022139787673950195
0.01365518569946289
0.02779531478881836
0.020002126693725586
0.03243589401245117
0.012558698654174805
0.021589040756225586
0.015491485595703125
0.026058197021484375
0.026504039764404297
0.013995885848999023
0.019491195678710938
0.022701263427734375
0.015577554702758789
0.025167465209960938
0.0121612548828125
0.028460025787353516
0.01420450210571289
0.014942646026611328
0.012926816940307617
0.02599620819091797
0.022517919540405273
0.01425933837890625
0.014766693115234375
0.015707015991210938
0.021493911743164062
0.023574113845825195
0.024781465530395508
0.012393474578857422
0.01355123519897461
0.020222902297973633
0.023659229278564453
0.017557382583618164
0.018988370895385742
0.022525548934936523
0.021628618240356445
0.02454400062561035
0.014533758163452148
0.04269266128540039
0.011164188385009766
0.02527475357055664
0.04519295692443848
0.012688875198364258
0.01907515525817871
0.050611019134521484
0.02300286293029785
0.05994272232055664
0.06481575965881348
0.046965599060058594
0.04400372505187988
0.019937515258789062
0.014086246490478516
0.030004024505615234
0.0195157527923584
0.01800251007080078
0.02848196029663086
0.05254721641540527
0.0386042594909668
0.03255605697631836
0.01389765739440918
0.017590999603271484
0.02100229263305664
0.02052903175354004
0.02533888816833496
0.030009746551513672
0.017587661743164062
0.0268247127532959
0.02488088607788086
0.016221046447753906
0.03603792190551758
0.02951359748840332
0.02174210548400879
0.0285186767578125
0.017655134201049805
0.01831650733947754
0.03459429740905762
0.020429372787475586
0.038684844970703125
0.016571521759033203
0.020998716354370117
0.019997835159301758
0.02551579475402832
0.02142477035522461
0.027894973754882812
0.02167224884033203
0.014939069747924805
0.0223081111907959
0.025516271591186523
0.01899576187133789
0.02881002426147461
0.02101588249206543
0.02301311492919922
0.024538278579711914
0.024083614349365234
0.02413153648376465
0.03239178657531738
0.01898193359375
0.023005008697509766
0.032732248306274414
0.017835617065429688
0.027203083038330078
0.015002965927124023
0.013000726699829102
0.016011714935302734
0.11163759231567383
0.01792168617248535
0.02402186393737793
0.019588947296142578
0.020054340362548828
0.017068862915039062
0.03833603858947754
0.019784212112426758
0.01920175552368164
0.020129680633544922
0.024964332580566406
0.017217159271240234
0.02400946617126465
0.025926589965820312
0.017992496490478516
0.011745929718017578
0.02033066749572754
0.02322530746459961
0.01793837547302246
0.029999494552612305
0.031508684158325195
0.023127079010009766
0.02352118492126465
0.036794424057006836
0.014498472213745117
0.02478790283203125
0.011058807373046875
0.025232315063476562
0.12252235412597656
0.027956247329711914
0.015550851821899414
0.016767024993896484
0.024953842163085938
0.02308058738708496
0.013923883438110352
0.02547597885131836
0.026873111724853516
0.027508974075317383
0.01768946647644043
0.033562660217285156
0.026393890380859375
0.04130077362060547
0.019097566604614258
0.03452038764953613
0.015516042709350586
0.03600192070007324
0.00969839096069336
0.015739917755126953
0.030312299728393555
0.024760007858276367
0.028415441513061523
0.01999950408935547
0.02799844741821289
0.011800050735473633
0.02900218963623047
0.019042015075683594
0.0236968994140625
0.02114391326904297
0.026087522506713867
0.01899409294128418
0.033481597900390625
0.02251291275024414
0.02335524559020996
0.030825376510620117
0.0427403450012207
0.01907515525817871
0.024163246154785156
0.030672550201416016
0.03009963035583496
0.022544384002685547
0.02591872215270996
0.024254560470581055
0.02797222137451172
0.036028146743774414
0.01952075958251953
0.03360104560852051
0.029374361038208008
0.013468742370605469
0.030003070831298828
0.0374758243560791
0.027655839920043945
0.035091400146484375
0.03398418426513672
0.026465892791748047
0.03284120559692383
0.03153538703918457
0.03569531440734863
0.03373837471008301
0.03551292419433594
0.024001598358154297
0.033544063568115234
0.031010150909423828
0.028670549392700195
0.03760194778442383
0.025481700897216797
0.018999814987182617
0.029163122177124023
0.01761460304260254
0.03246665000915527
0.018004655838012695
0.03622913360595703
0.0299990177154541
0.019899368286132812
0.025406599044799805
0.0323030948638916
0.034052133560180664
0.02567291259765625
0.029998779296875
0.051003217697143555
0.027603864669799805
0.02328658103942871
0.034999847412109375
