0.000000
0.988587
0.874933
0.988587
0.497821
0.969306
0.489571
0.986474
0.336356
0.986631
0.411395
0.285376
1.000000
0.394841
0.144125
0.954156
0.345687
0.133849
0.998139
0.400298
0.117500
1.000000
0.400101
0.151723
0.999250
0.459667
0.092320
1.000000
0.426752
0.100275
0.986013
1.000000
0.449492
0.090413
1.000000
0.463640
0.030048
0.998111
1.000000
0.379015
0.889219
0.076931
0.998216
1.000000
0.403589
0.887332
0.998639
1.000000
0.391941
0.999753
0.999039
1.000000
0.391686
1.000000
0.996094
0.918520
0.999149
1.000000
0.411404
1.000000
0.999924
0.999877
0.917578
0.998743
1.000000
0.419820
1.000000
0.999809
0.917394
0.998531
1.000000
0.467997
1.000000
0.999862
0.999805
0.999549
0.916061
1.000000
1.000000
0.491137
1.000000
1.000000
0.999563
0.897769
1.000000
1.000000
0.559374
1.000000
1.000000
0.999447
0.898469
1.000000
0.531991
1.000000
1.000000
1.000000
0.998113
0.898528
1.000000
1.000000
0.516512
1.000000
1.000000
1.000000
0.997757
0.992274
1.000000
1.000000
0.529017
1.000000
1.000000
1.000000
0.997803
0.992660
0.998307
1.000000
0.443234
1.000000
1.000000
1.000000
0.998792
0.993212
0.998438
1.000000
0.496771
1.000000
1.000000
1.000000
0.998822
0.993342
0.998477
1.000000
0.497231
1.000000
0.999164
1.000000
0.998823
1.000000
0.998478
1.000000
0.593296
1.000000
0.999095
1.000000
0.999515
1.000000
0.998519
1.000000
0.544379
1.000000
0.995967
1.000000
0.999514
0.997316
0.998563
1.000000
0.504942
1.000000
0.995889
0.998427
0.999458
0.997074
0.999672
1.000000
0.561904
1.000000
0.998930
0.998333
0.999484
0.997012
0.999660
1.000000
0.501813
1.000000
0.998820
0.998333
0.999484
0.997048
0.999603
1.000000
0.540048
1.000000
0.998820
0.998267
0.999484
0.997050
0.999660
1.000000
0.536144
1.000000
0.996532
0.998332
0.999487
0.996544
0.997423
1.000000
0.535955
1.000000
0.996558
0.997743
0.999482
0.996678
0.700549
0.997408
1.000000
0.535802
1.000000
0.996527
0.997113
0.999582
0.997908
1.000000
0.615493
1.000000
0.997290
1.000000
0.027547
0.032603
0.036302
0.183585
0.000314
0.993715
0.011661
0.000000
0.993809
0.906231
0.000000
0.000000
0.993160
0.927335
0.985051
0.795460
0.880326
0.000000
0.955551
1.000000
0.984352
0.795450
0.932765
0.000000
0.955738
0.979287
0.817487
0.945610
0.955700
0.979601
0.818207
0.984337
0.971098
0.979287
0.963816
0.649060
0.971443
0.971257
0.979237
1.000000
0.964201
0.648622
0.936875
0.971815
0.989825
0.946129
0.964165
0.410340
0.937030
0.971422
0.973176
1.000000
0.410535
0.984537
0.976615
0.952748
0.973281
0.943598
0.410431
0.978534
0.976103
0.927007
0.974183
1.000000
0.734913
0.942675
0.167524
0.987941
0.976652
0.985536
0.999137
1.000000
0.672366
0.986712
0.167629
0.976550
0.993510
0.986395
0.999092
0.672244
0.979201
0.984975
0.167519
0.962813
0.993615
0.952748
0.999057
0.808337
0.979076
0.986712
0.997296
0.985786
0.994561
0.998973
0.808407
0.983671
0.987714
0.997209
0.083457
0.998643
0.994538
0.980367
1.000000
0.808198
0.985897
0.954716
0.992683
0.993484
0.979896
0.980367
1.000000
0.808561
0.971698
0.987689
1.000000
1.000000
0.966273
0.992493
0.980827
0.980367
1.000000
0.919149
0.993124
0.971415
0.985734
0.986530
0.998798
0.993461
0.986469
0.938678
0.980109
0.992860
1.000000
0.920323
0.986297
0.971067
0.985190
0.985474
0.998869
0.992453
0.992620
1.000000
0.985536
0.980367
0.992860
0.967390
0.919932
1.000000
0.971419
0.985734
0.985977
1.000000
0.989060
0.993697
0.992542
0.986395
0.981007
0.985770
0.966587
0.919518
0.979516
0.994280
0.995083
1.000000
0.986446
1.000000
0.993893
0.998939
0.985898
0.992294
0.986161
0.972649
0.919977
0.995334
0.994326
0.985703
0.970673
0.992424
0.998874
0.972485
0.991878
0.999038
0.895906
0.921923
1.000000
0.994357
0.994621
1.000000
1.000000
0.969686
0.999492
1.000000
0.993213
0.998023
0.972351
0.993196
0.997469
0.895242
0.783740
0.986233
0.963744
0.991962
0.999110
1.000000
0.957685
1.000000
0.986165
0.999415
0.991217
1.000000
0.993213
0.977401
0.992085
0.972485
0.988694
0.821825
0.994998
0.990506
0.993052
0.784817
1.000000
0.963757
0.991592
1.000000
0.999074
1.000000
0.957641
1.000000
0.999390
0.903251
1.000000
0.984334
0.977401
0.991327
0.972976
0.987861
0.877898
0.994547
0.990308
0.993052
0.783451
1.000000
0.962398
0.991592
1.000000
1.000000
1.000000
0.937149
1.000000
0.980935
0.978101
1.000000
0.984334
0.977401
0.991010
0.972485
1.000000
0.995176
0.990819
1.000000
0.546208
0.959409
0.999356
0.992637
0.990932
0.985864
1.000000
0.936816
0.992768
0.980935
0.992377
0.981246
1.000000
0.986395
0.998213
0.868482
0.998985
0.990217
1.000000
1.000000
0.997453
0.992558
0.954393
0.978872
0.996198
0.867400
0.993408
1.000000
1.000000
0.998227
1.000000
0.982040
1.000000
0.985898
0.989303
0.999049
0.990819
1.000000
1.000000
0.997612
0.992620
0.777952
0.955273
1.000000
0.868134
0.994123
0.998729
0.959612
0.126455
0.943150
0.981441
0.967572
0.986395
0.990736
0.966342
0.976464
0.991878
0.992801
0.954436
1.000000
0.867071
0.991644
0.997687
0.932859
0.126868
0.971164
0.999225
0.997242
0.967672
0.988987
0.965975
0.976883
0.974082
0.986489
0.993099
0.929556
0.992411
0.993935
0.992828
1.000000
0.969960
0.993809
0.998426
1.000000
0.156003
0.872506
0.999495
0.971211
0.968527
0.990522
0.967416
0.977205
0.977087
0.993002
0.877558
0.992370
0.999008
1.000000
1.000000
1.000000
0.998974
1.000000
1.000000
1.000000
0.999008
1.000000
1.000000
1.000000
0.998974
1.000000
1.000000
1.000000
0.999008
0.123016
1.000000
1.000000
1.000000
0.000000
0.999353
0.084479
0.143740
1.000000
1.000000
1.000000
0.998974
0.039003
0.168720
1.000000
1.000000
0.202873
1.000000
0.999008
0.008394
0.170492
1.000000
1.000000
0.248048
1.000000
0.998974
0.000000
0.147691
1.000000
1.000000
0.235491
1.000000
0.999008
0.000000
0.157467
1.000000
1.000000
0.214940
1.000000
0.999353
0.000000
0.122888
1.000000
1.000000
0.215489
1.000000
1.000000
0.000000
0.121628
1.000000
1.000000
0.221231
1.000000
0.999353
0.186142
1.000000
1.000000
0.183556
0.000000
1.000000
0.998974
1.000000
1.000000
0.215183
0.000000
1.000000
0.999008
1.000000
1.000000
0.317194
0.110363
1.000000
0.999353
1.000000
1.000000
0.217425
0.017879
1.000000
1.000000
1.000000
1.000000
0.038853
1.000000
0.000000
0.999353
1.000000
1.000000
0.043517
1.000000
0.000000
1.000000
1.000000
1.000000
1.000000
0.003178
0.999353
1.000000
1.000000
1.000000
0.028936
0.999008
1.000000
1.000000
0.000000
1.000000
0.998974
1.000000
1.000000
0.000000
1.000000
0.999008
1.000000
1.000000
0.000000
1.000000
0.998974
1.000000
1.000000
0.000000
1.000000
0.999353
1.000000
1.000000
0.076607
1.000000
0.999008
1.000000
1.000000
0.096943
1.000000
0.020195
0.998974
1.000000
1.000000
0.151338
1.000000
0.000000
0.999008
1.000000
1.000000
1.000000
0.000000
0.998974
1.000000
1.000000
1.000000
0.000000
0.999008
1.000000
1.000000
1.000000
0.000000
0.999353
1.000000
1.000000
1.000000
0.000000
1.000000
1.000000
1.000000
1.000000
0.999353
1.000000
1.000000
1.000000
0.998974
1.000000
1.000000
1.000000
0.999008
1.000000
1.000000
1.000000
0.999353
1.000000
1.000000
1.000000
1.000000
1.000000
1.000000
1.000000
0.999353
1.000000
1.000000
1.000000
0.999008
1.000000
1.000000
1.000000
0.998974
1.000000
1.000000
1.000000
0.998581
0.983531
0.994677
0.968316
0.992004
0.999387
0.998392
0.996920
0.884913
0.994789
0.998451
0.938969
0.988634
0.964546
0.989169
0.998177
0.998578
0.996795
0.970317
0.992920
0.999418
0.998360
0.997120
0.931082
0.467418
0.989139
0.997322
0.982600
0.989607
0.969057
0.990191
0.998317
0.993988
0.998719
0.996957
0.992368
0.973533
0.993647
0.999387
0.998382
0.997255
0.877475
0.473301
0.990617
0.998072
0.984792
0.990429
0.904663
0.990450
0.998397
0.997620
0.998477
0.962794
0.996490
0.965643
0.971028
0.985130
0.998411
0.996748
0.996336
0.433345
0.988533
0.995769
0.983254
0.990108
0.893500
0.998135
0.998785
0.970443
0.992413
0.997202
1.000000
0.977110
0.995440
0.999322
0.999878
0.996321
0.511561
0.956655
0.999528
0.986066
0.986013
0.920035
0.996729
0.969211
0.991768
0.943993
0.959340
0.978788
0.995708
0.986745
0.998319
0.999830
0.996721
0.989984
0.499249
0.999560
0.986458
0.986527
0.946044
0.914583
0.996222
0.947670
0.998095
0.909997
0.942153
0.988807
0.993521
0.972334
0.994637
0.788260
0.921730
0.999847
0.995870
0.852711
0.470999
0.981758
0.999502
0.982733
0.932513
0.956025
0.996946
0.996181
0.947692
0.997976
1.000000
0.948572
0.979358
0.988876
0.993579
0.994427
0.998039
0.920933
0.999839
0.995548
0.876950
0.468295
0.999476
0.982980
0.998635
0.933834
0.956021
0.996182
0.952212
0.997665
0.996696
0.965516
1.000000
0.974920
0.953090
0.984454
0.990645
0.994494
0.998215
0.919150
0.897870
0.875660
0.626294
0.999518
0.985024
0.998756
0.939298
0.959960
0.994277
0.957037
0.997776
0.996457
0.963259
1.000000
0.972131
0.997294
0.981164
0.959057
0.993579
1.000000
0.911577
0.997139
0.690804
0.862483
0.825869
0.989058
0.999430
0.992618
0.998511
0.984525
0.955584
0.993155
0.947141
0.997393
0.994000
0.963632
1.000000
0.972136
0.998484
0.982591
0.972880
0.961011
0.993521
1.000000
1.000000
0.911283
0.996825
0.690841
0.998586
0.854028
0.999070
0.991940
0.998340
0.858669
0.778991
0.964550
0.997097
0.995303
0.980756
0.997558
0.972012
0.983987
0.974078
0.953711
0.958892
0.997211
0.998501
0.977774
0.996984
0.999161
0.992937
0.000000
0.998491
0.859879
0.977651
0.999338
0.959194
0.994578
0.982093
0.997712
0.971115
0.995306
1.000000
0.953771
0.946909
0.997557
0.995588
0.996855
0.997538
0.982996
0.997487
0.989017
0.978052
0.779517
0.965537
0.986178
0.999598
0.965506
0.995870
1.000000
0.991055
0.959818
0.997959
0.940778
1.000000
0.995978
0.993522
0.963594
0.997671
0.987896
0.975261
0.998822
0.941796
0.985343
0.999648
0.966678
1.000000
0.989010
0.959242
0.995919
0.939422
1.000000
0.997430
0.977410
0.997834
0.981221
0.997776
0.988272
0.976340
0.998879
0.927797
0.931747
0.997494
0.995184
0.989992
0.986157
0.997020
0.886476
0.998676
0.999079
0.999625
0.999743
0.982316
0.998310
0.988372
0.978833
0.999141
1.000000
0.985630
0.998344
0.992341
0.988225
0.999818
0.999046
0.996963
0.995398
0.998773
0.999472
0.998914
0.961799
0.997623
0.978647
0.998791
0.997025
0.985315
0.932306
0.993356
0.988432
0.999839
0.996969
0.810180
0.924343
0.999042
0.961312
0.963057
0.999380
0.978080
0.997374
0.999087
0.992051
0.993326
0.963652
0.995923
0.999166
0.997971
0.997428
0.995464
0.998640
0.999044
1.000000
0.960422
0.963220
0.999344
0.976996
0.998776
0.992466
0.983560
0.964132
0.995471
1.000000
0.997289
0.994108
0.998647
0.994686
0.957668
0.950623
0.999151
0.973587
0.995294
0.992518
0.985346
0.982375
0.995471
1.000000
0.999712
0.995546
0.980239
0.954649
0.998869
0.986061
1.000000
0.994824
0.989773
0.974564
0.977049
0.995923
0.999653
1.000000
0.995132
0.983395
0.967033
0.987301
0.998672
0.994792
0.991201
0.974105
0.977687
0.995923
0.999709
0.997944
1.000000
0.994655
0.983016
0.968370
0.986903
0.977334
0.998889
0.995669
0.990520
0.979065
0.976635
0.995471
0.999776
0.998482
0.940902
0.996209
0.966915
0.998986
0.982408
0.978287
0.999145
0.960522
0.990772
0.977521
0.977628
0.995923
0.988233
0.941743
0.976947
0.995039
0.998520
0.960503
0.966003
0.998599
0.978672
0.998820
0.990632
0.978098
0.977218
0.995923
1.000000
0.998053
0.942190
0.904339
0.976654
0.998287
0.960595
0.965926
0.998701
0.978399
0.998904
0.990581
0.977632
0.977303
1.000000
0.997117
0.942652
0.990281
0.976785
0.998226
0.960713
0.968216
0.998885
0.998580
0.962326
0.988570
0.978146
0.977499
0.991116
0.989693
1.000000
0.976977
1.000000
1.000000
0.998480
0.989693
0.976618
0.996921
0.960898
0.968623
0.998885
0.998494
0.921108
0.961461
0.988755
0.907279
0.979373
0.994305
0.917937
0.990611
1.000000
0.975992
1.000000
0.998443
0.990155
0.844978
0.997205
0.822428
0.998794
0.997846
0.921108
0.961379
0.995265
0.905180
0.994216
0.990786
0.999317
0.974577
1.000000
0.998614
0.923482
0.997981
0.996860
0.988012
0.994430
0.921727
0.977017
0.995414
0.990988
0.993898
0.997787
0.999218
0.970287
1.000000
0.997656
0.986914
0.995295
0.993735
0.992807
0.963501
1.000000
0.986002
0.986231
1.000000
0.992740
0.983553
1.000000
0.934605
0.934759
0.985647
0.996121
0.977034
0.991300
1.000000
0.993665
0.934605
0.969613
0.996360
0.920636
0.818308
0.959121
0.972876
1.000000
0.999449
0.909377
0.998978
0.999349
0.940953
0.937909
0.960922
0.971807
0.935678
0.999362
0.977631
0.798607
1.000000
1.000000
0.999905
0.996217
0.994612
0.996709
0.988061
0.996616
0.935144
0.913082
0.864158
0.984666
0.747163
0.999242
0.859817
0.868793
1.000000
1.000000
0.982854
0.990627
0.996146
0.985536
0.997730
0.955092
0.954077
0.925686
0.957867
0.961174
0.951578
0.953137
1.000000
1.000000
0.981690
0.996749
0.975941
0.998280
0.958020
0.931685
0.961535
0.960497
0.951226
0.953263
0.981636
0.997134
0.977054
0.044289
0.979781
0.901382
0.961761
1.000000
1.000000
0.952253
0.981364
0.993737
0.976378
0.145095
0.979781
0.931997
0.388433
0.997232
0.254717
0.971327
0.990320
0.391474
0.996675
0.257425
0.971296
0.989477
0.531322
0.996922
0.257024
0.971941
0.990439
0.606737
0.997790
0.375906
0.976912
0.992166
0.567160
0.997912
0.328672
0.974159
0.989890
0.532816
0.999518
0.340298
0.972141
0.209220
0.531788
0.337274
0.971493
0.212877
0.531844
0.378133
0.972136
0.162332
0.530975
0.378264
0.571904
0.972109
0.256824
0.530820
0.473728
0.590515
0.971531
0.262532
0.531054
0.468824
0.590864
0.972150
0.261537
0.530633
0.475901
0.511119
0.971616
0.319965
0.220547
0.710399
0.560712
0.988652
0.323449
0.220461
0.713185
0.566278
0.988715
0.121807
0.712294
0.606885
0.988765
0.189229
0.126160
0.683983
0.607279
0.988805
0.452554
0.187669
0.124951
0.683590
0.734071
0.988817
0.447644
0.138668
0.620481
0.734145
0.988832
0.451470
0.140741
0.620334
0.831653
0.988834
0.360622
0.191641
0.530416
0.835801
0.989046
0.361344
0.190979
0.518514
0.989166
0.988852
0.356609
0.184163
0.517890
0.163959
0.988894
0.988552
0.309899
0.185467
0.643713
0.166603
0.989121
0.988871
0.315402
0.188022
0.651531
0.056554
0.988906
0.988881
0.305395
0.180262
0.702778
0.072607
0.091692
0.989175
0.989105
0.313036
0.180278
0.797672
0.034292
0.090233
0.988905
0.988444
0.293919
0.180409
0.892061
0.071268
0.114773
0.989122
0.094089
0.988909
0.191023
0.892305
0.072044
0.112686
0.988905
0.095205
0.989135
0.188243
0.981721
0.071206
0.989121
0.095547
0.992687
0.154139
0.981700
0.063267
0.104921
1.000000
0.103346
0.993234
0.043465
0.981722
0.062622
0.046804
1.000000
0.103686
0.993235
0.042063
0.981577
1.000000
0.104472
0.993366
0.065900
0.991749
0.042994
0.046327
1.000000
0.104258
0.993236
0.066549
0.991772
0.055200
1.000000
0.993238
0.060721
0.269605
0.991751
0.072464
1.000000
0.992688
0.270157
0.991751
0.094212
1.000000
0.993239
0.230533
0.992240
1.000000
0.993240
0.230958
0.099598
0.991752
1.000000
0.975284
0.228982
0.063280
0.991773
1.000000
0.976375
0.063282
0.991753
0.203312
1.000000
0.976074
0.458361
0.523285
0.885122
0.000000
0.557057
0.000000
0.890250
0.000000
0.000000
0.963623
0.000000
0.963830
0.000000
0.330348
0.328058
0.999044
0.328082
0.000000
0.999155
0.653102
0.000000
0.000000
0.993477
0.874976
0.995219
0.883489
0.993330
0.992391
0.868888
0.993318
0.994891
0.865139
0.994411
0.887000
0.886765
0.000000
0.705769
0.406991
0.368937
0.471310
0.337312
0.272705
0.472682
0.253447
0.272959
0.345655
0.235560
0.224865
0.345541
0.159107
0.176548
0.345904
0.203775
0.176719
0.204643
0.182366
0.077131
0.267746
0.267947
0.268607
0.396890
0.394081
0.435988
0.924600
0.927332
0.999838
0.999624
0.996449
0.986036
0.637169
0.976231
0.955145
0.996432
0.999862
0.999669
0.997005
1.000000
0.636608
0.977164
0.967768
0.963513
0.999695
0.997322
0.975941
0.691003
0.980307
0.943235
0.964365
0.932961
0.997149
1.000000
0.999099
0.627872
0.977024
0.955007
0.964365
0.931030
0.996988
0.999307
0.986072
1.000000
0.631440
0.987474
0.964326
0.985416
0.996437
0.986134
1.000000
0.578934
0.976575
0.978483
0.987474
0.985978
0.973991
0.984730
0.946673
0.997074
0.985681
1.000000
0.579253
0.962598
0.979031
0.987474
0.976913
0.995237
0.963571
0.968458
0.999716
0.947117
0.997060
0.974325
0.998129
0.930502
0.867084
0.999494
0.578689
0.963275
0.978626
0.962360
0.938035
0.996105
0.964162
0.982219
0.938129
0.999140
0.945474
0.996668
0.979906
0.991316
0.931075
0.864184
0.916532
1.000000
0.999396
0.524064
0.964607
0.978680
0.975823
0.938807
0.994932
0.997384
0.963482
0.982520
0.959173
0.998853
0.973470
0.996475
0.978295
0.963020
0.965074
0.992228
0.931544
0.426330
0.933642
1.000000
0.972927
0.524207
0.963567
0.977646
0.877549
0.939333
0.994764
0.963780
0.927993
0.939006
0.984014
0.998177
0.998548
0.974017
0.997104
0.998285
0.981839
0.970896
0.930804
0.925094
0.934172
1.000000
0.973096
0.483138
0.968127
0.891429
0.939752
0.995916
0.943822
0.920513
0.932391
0.983598
0.987281
0.998083
0.973434
0.997155
0.976332
0.986514
0.996174
0.992363
0.931109
0.925055
0.934757
1.000000
0.941578
0.536366
0.967617
0.920415
0.950866
0.996154
0.943568
0.920768
0.932064
0.980871
0.959831
0.992693
0.973851
0.997203
0.977396
0.960668
0.987545
0.995343
0.993110
0.966565
0.922801
0.938759
0.995487
1.000000
0.919557
0.536560
0.967102
0.965374
0.951813
0.995460
0.887967
0.919537
0.851350
0.977952
0.946848
0.994063
0.938030
0.998621
0.986747
0.866853
0.995679
0.966347
0.922658
0.938561
0.982637
1.000000
0.919395
0.536691
0.962723
0.996867
0.952737
0.995436
0.918870
0.819567
0.926283
0.851906
0.974321
0.938008
0.938558
0.998426
0.977327
0.985534
0.865049
0.993344
0.955514
0.968484
0.920787
0.939828
0.980145
0.933454
0.986151
0.635213
0.964157
0.964237
0.951519
0.985888
0.997973
0.909641
0.820385
0.852220
0.976703
0.960692
0.994010
0.938731
0.998607
0.986546
0.969219
0.864194
0.903216
0.955529
0.968331
0.718317
0.939476
0.980754
0.986335
0.954694
0.634241
0.962630
0.934220
0.951986
0.953252
0.998360
0.962170
0.908435
0.901752
0.995714
0.951610
0.871171
0.998697
0.986017
0.887218
0.903191
0.977054
0.968773
0.992770
0.969955
0.604398
0.912776
0.980149
0.986866
0.966263
0.634277
0.970435
0.966696
0.881583
0.932032
0.959129
0.966435
0.908718
0.896914
0.997215
0.888976
0.869893
0.999172
0.986555
0.992604
0.888079
0.878659
0.973964
0.977152
0.995346
0.969886
0.911388
0.995660
0.991437
0.948429
0.965240
0.711830
0.970435
0.941212
0.973534
0.931682
0.947272
0.912731
0.900171
0.998482
0.964049
0.870773
0.999572
0.986025
0.992723
0.889259
0.876192
0.973705
0.976548
0.997581
0.965339
0.911845
0.994111
0.925707
0.995458
0.949038
0.975941
0.712053
0.970435
0.988298
0.896452
0.931855
0.946291
0.902878
0.950803
1.000000
0.982221
0.999826
0.986025
0.992723
0.888922
0.971314
0.974050
0.976782
0.988262
0.965427
0.992767
0.993432
0.925092
0.998190
0.948098
0.984563
0.712148
0.971572
0.988476
0.986074
0.931166
1.000000
0.983457
0.903800
0.950457
0.963871
0.981470
0.999913
0.961369
0.992604
0.971142
0.961169
0.967015
0.935067
0.976960
0.988702
0.965123
0.992431
0.993814
0.924327
1.000000
0.957112
0.825776
0.970439
0.988557
0.964799
0.991798
0.894321
0.999833
0.982331
0.903928
0.986099
0.988083
0.999915
0.960877
0.992604
0.989994
0.971837
0.960707
0.967061
0.950232
0.986958
0.988755
0.966286
0.992390
0.943258
1.000000
0.956768
0.935305
0.825695
0.975056
0.989093
0.930872
0.895794
0.992384
0.983682
0.904396
0.968230
0.985970
0.999923
0.986971
0.999917
0.961564
0.992723
0.907629
0.970897
0.961285
0.968776
0.950143
0.986973
0.988856
0.965376
0.992164
0.994049
0.943971
0.957029
0.975941
0.825783
0.975960
0.980153
0.931664
0.991860
0.934216
0.982353
0.903767
0.968125
0.999859
0.909509
0.988150
0.999929
0.984927
0.999853
0.986127
0.972389
0.960040
0.966997
0.950409
0.984013
0.988607
0.943831
0.992433
0.943199
0.983315
0.999848
0.973701
0.975083
0.980424
0.931927
0.976516
0.991794
0.964617
0.974334
0.968193
0.986150
0.999929
0.999970
0.983958
0.895586
0.978169
0.244063
0.979109
0.967061
0.949933
0.999930
0.983312
0.966200
0.997352
0.993740
0.943847
0.983884
0.973286
0.975157
0.980332
0.942053
0.947889
0.991827
0.976233
0.974915
0.962283
1.000000
0.999991
0.984957
0.978188
0.243740
0.979646
0.977456
0.950059
0.999979
0.984130
0.967358
0.991179
1.000000
0.993676
0.977602
0.982425
0.976362
0.980806
0.942005
0.984055
0.977039
0.962651
0.954909
0.985807
0.999747
0.985196
0.979268
0.240607
0.979357
0.978416
0.955372
0.999512
0.979745
0.967626
0.964171
0.977282
0.948830
0.980124
0.943654
0.984658
0.976916
0.962928
0.986260
0.991765
1.000000
0.985062
0.985747
0.978332
0.247318
0.978717
0.978325
0.956227
0.981167
0.966347
0.865175
0.927670
0.947864
0.991087
0.943632
0.983776
0.977797
0.976550
0.986151
0.992180
0.999904
0.976217
0.999969
0.926635
0.979811
0.979063
0.977402
0.963407
0.955950
0.999755
0.979325
0.967404
0.972240
0.927053
0.947675
0.999980
0.976626
0.984487
0.974352
0.976059
0.999705
0.992035
0.999758
0.977037
0.999757
0.978232
0.983064
0.978166
0.962928
0.955912
0.999812
0.981086
0.977067
0.999800
0.927562
0.948727
0.999709
0.975080
0.984202
0.974652
0.999654
0.976898
0.955027
0.999255
0.992117
0.999278
0.977087
0.999487
0.978450
0.965153
0.955806
0.968265
0.979818
0.977349
0.943398
0.986050
0.985542
0.931465
0.947995
0.972140
0.999366
0.975420
0.974508
0.977427
0.955853
0.999467
0.960701
0.999729
0.964213
0.966022
0.888553
0.982874
0.977240
0.986203
0.986160
0.932208
0.983232
0.999508
0.966981
0.974344
0.976247
0.963411
0.999440
0.959764
0.978879
0.986204
0.964047
0.963288
0.967537
0.999830
0.999736
0.977086
0.986261
0.933311
0.983960
0.985692
0.999828
0.967432
0.994190
0.985536
0.976974
0.976643
0.975330
0.960710
0.986182
0.965076
0.994537
0.967607
0.999637
0.931910
0.983312
0.952959
0.933201
0.983424
0.925825
0.967125
0.985581
0.985281
0.978226
0.976358
0.998650
0.956445
0.985991
0.964131
0.994472
0.972380
0.998415
0.999049
0.940976
0.983138
0.977252
0.951817
0.953130
0.934574
0.984320
0.943570
0.980071
0.986670
0.978022
0.979210
0.965958
0.954251
0.970406
0.977321
0.971659
1.000000
0.997372
0.934348
0.944739
0.985042
1.000000
0.937214
0.984575
0.896961
0.987569
0.980320
0.978019
0.975333
0.973977
0.927856
0.976565
0.969889
0.997149
0.997329
0.903833
0.984311
0.980490
0.961450
0.954471
0.964723
0.980357
0.955266
0.955245
0.979557
0.956040
0.993483
0.974192
0.975505
0.946166
0.997065
0.996938
0.970319
0.968257
0.997167
1.000000
0.980362
0.956093
0.957611
0.976691
0.977106
0.972074
0.977828
0.946472
0.994934
0.997038
0.988160
0.942699
0.875333
0.938469
0.981054
0.937909
0.958019
0.977238
0.977767
0.994967
0.977301
0.947387
0.998181
0.997604
0.978669
0.982190
0.848438
0.982242
0.984182
0.851331
0.918416
0.202182
0.165494
0.043820
0.099455
0.859288
0.831099
0.070458
0.256236
0.129497
0.026483
0.106364
0.933535
0.886484
0.039721
0.250004
0.088719
0.000000
0.931617
0.000000
0.160739
0.218694
0.094320
0.000000
0.932155
0.000000
0.154735
0.180953
0.000000
0.934818
0.043256
0.000000
0.045259
0.083788
0.099536
0.044606
0.059376
0.123043
0.117650
0.133600
0.000000
0.220439
0.000000
0.000000
0.082597
0.052007
0.082010
0.075006
0.064777
0.073083
0.080682
0.075148
0.000000
0.114437
0.000000
0.080798
0.114207
0.059381
0.095635
0.095135
0.059063
0.077079
0.000068
0.072265
0.003412
0.015253
0.083482
0.033346
0.129528
0.000000
0.123088
0.000000
0.078262
0.181193
0.054179
0.156699
0.005138
0.108797
0.093526
0.948632
0.000000
0.949103
0.000000
0.953793
0.025759
0.000000
1.000000
0.000000
0.000000
0.000004
0.000000
0.998814
0.000000
0.000000
0.000000
0.000000
0.000000
0.000000
0.000000
0.000000
0.924890
0.000000
0.917074
0.000000
0.999465
0.000000
0.933053
0.986662
0.699922
0.784334
0.312707
0.986764
0.998062
0.756997
0.784351
0.302810
0.986705
0.800132
0.784835
0.294560
0.986681
0.817899
0.712257
0.292653
0.986526
0.767968
0.955210
0.674112
0.300240
0.998647
0.986415
0.769063
0.606942
0.300775
0.999376
0.985962
0.675930
0.559019
0.320026
0.999423
0.929590
0.654689
0.999648
0.495228
0.375029
0.999635
0.928521
0.624805
0.999022
0.420332
0.927687
0.999672
0.412880
0.998922
0.928276
0.575363
0.998861
0.378862
0.999446
0.465269
0.998121
0.998315
0.928307
0.544356
0.998837
0.297166
0.999437
0.467208
0.998985
0.998982
0.998297
0.927037
0.543867
0.992238
0.281013
0.928168
0.999423
0.562301
0.998860
1.000000
0.932525
0.539142
0.991014
0.214589
0.934058
0.993351
0.581719
0.998649
1.000000
0.933626
0.949366
0.514761
0.995756
0.176841
0.925330
0.993752
0.506664
0.997048
1.000000
0.933203
0.950892
0.562763
0.996500
0.135915
0.926008
0.994831
0.396345
0.997164
0.998894
0.934182
0.948517
0.540608
0.882200
0.101603
0.960556
0.999185
0.304379
0.999840
0.999302
0.993525
0.934287
0.950430
0.548150
0.913532
0.052268
0.963007
0.999236
0.999380
0.991664
0.950883
0.548448
0.912528
0.052843
0.963539
0.999371
0.999914
0.996470
0.991640
0.950430
0.521443
0.999453
0.954530
0.015790
0.999609
0.999474
0.999891
0.999902
0.992023
0.999074
0.555534
0.996107
0.067375
0.999619
0.999475
0.999883
0.999909
0.991575
0.999355
0.521494
0.987743
0.996867
0.000000
0.999669
0.974757
0.999895
0.999918
0.991504
0.998813
0.477195
0.987732
0.996461
0.000000
0.999819
0.975005
0.999588
0.999722
0.838116
0.989574
0.999830
0.441399
1.000000
0.999449
0.996125
0.999888
0.971854
0.999747
0.999829
0.821030
0.989926
0.999831
0.437373
1.000000
0.996837
0.000000
0.999526
0.996931
0.999742
0.999830
0.959830
0.990173
0.999614
1.000000
0.996010
0.000000
0.998917
0.997612
0.999399
0.999606
0.959514
0.990684
0.999363
0.999163
0.995698
0.000000
0.999137
0.996644
0.970164
0.941892
0.998470
0.994877
0.896857
0.974616
0.942593
0.998444
0.995092
0.975550
0.971860
0.928476
0.974014
0.995692
0.984625
0.928082
0.082032
0.996296
0.969293
0.986898
0.158064
0.227453
0.986761
0.575873
0.199052
0.277783
0.593700
0.250318
0.245193
0.593640
0.330861
0.649794
0.707193
0.768258
0.839953
1.000000
0.177075
1.000000
0.998264
0.315711
0.000000
1.000000
0.178038
1.000000
0.997208
0.316557
0.000000
0.000000
1.000000
1.000000
0.998263
0.266510
0.000000
0.000000
1.000000
1.000000
0.998330
0.216308
0.000000
0.000000
1.000000
0.095540
1.000000
0.998617
0.216061
0.000000
1.000000
0.091172
1.000000
0.998262
0.181182
0.000000
1.000000
0.069218
1.000000
0.997204
0.187011
0.000000
1.000000
0.057871
1.000000
0.998327
0.990634
0.000000
0.018796
1.000000
0.998257
0.000000
0.991181
0.000000
0.053090
1.000000
0.985677
0.991181
0.000992
1.000000
0.984572
0.633385
0.990634
1.000000
0.983532
0.990192
1.000000
0.984572
0.000000
0.261864
0.990634
0.000000
1.000000
0.983247
0.000000
0.063029
0.990634
0.000000
1.000000
0.984572
0.000000
0.990192
1.000000
0.983529
0.000000
0.989714
1.000000
0.982423
0.000000
0.991181
1.000000
0.984568
0.000000
0.990634
1.000000
0.984632
0.986308
0.144833
1.000000
0.922093
0.000000
0.987226
0.220726
1.000000
0.929516
0.984403
0.134014
1.000000
0.915052
0.986308
0.175571
0.899423
0.921586
0.985816
0.899572
0.922104
0.986308
0.899423
0.922417
0.985386
0.959121
0.922085
0.986308
1.000000
0.933110
0.986308
1.000000
0.933185
0.985816
1.000000
0.933110
0.985660
1.000000
0.997018
0.994587
1.000000
0.997306
0.994054
1.000000
0.996967
0.993595
1.000000
0.997306
0.994587
1.000000
1.000000
0.994054
1.000000
1.000000
0.994587
0.974245
1.000000
1.000000
0.994054
1.000000
1.000000
0.000000
0.994054
1.000000
1.000000
0.000000
0.994587
1.000000
1.000000
0.000000
