0.133788
0.651631
0.443409
0.719230
0.453562
0.646524
0.533606
0.601388
0.267375
0.642388
0.132383
0.271286
0.644198
0.215993
0.270847
0.734485
0.264279
0.448965
0.538580
0.337661
0.232686
0.480746
0.342032
0.515870
0.530485
0.410024
0.231735
0.418380
0.253145
0.194038
0.441548
0.404733
0.839547
0.211531
0.435405
0.384809
0.224300
0.405022
0.393649
0.818746
0.661941
0.326737
0.864883
0.455474
0.856730
0.624065
0.748449
0.490849
0.815820
0.370191
0.730250
0.927207
0.825771
0.826788
0.377273
0.338297
0.699102
0.793064
0.791374
0.729199
0.445454
0.301139
0.419271
0.643125
0.686133
0.253060
0.444108
0.374780
0.496783
0.984310
0.799969
0.832949
0.453991
0.482215
0.784740
0.902840
0.564863
0.853762
0.837786
0.877471
0.665780
0.944452
0.868937
0.438508
0.308110
0.945193
0.815473
0.913080
0.923966
0.922944
0.675322
0.800492
0.748633
0.698034
0.428390
0.558528
0.943899
0.587063
0.674145
0.936874
0.252795
0.749785
0.593945
0.860629
0.941103
0.759040
0.610089
0.936671
0.252803
0.783106
0.694492
0.688576
0.986312
0.668408
0.741413
0.922078
0.252598
0.905089
0.405825
0.912764
0.940833
0.670723
0.866165
0.898731
0.252617
0.488965
0.425181
0.903059
0.941004
0.729320
0.923642
0.899736
0.651763
0.551109
0.502595
0.917539
0.956060
0.712941
0.927758
0.873405
0.252796
0.688804
0.535481
0.884565
0.948070
0.712849
0.916178
0.881830
0.614413
0.612152
0.501946
0.890800
0.243870
0.772000
0.914358
0.749421
0.745065
0.164314
0.494759
0.419398
0.243324
0.788429
0.909878
0.773247
0.252843
0.164397
0.455460
0.426448
0.943933
0.306744
0.921999
0.856711
0.867829
0.695789
0.461973
0.405825
0.241429
0.533782
0.911023
0.834095
0.845960
0.602709
0.700872
0.416747
0.522435
0.544346
0.923876
0.836484
0.790707
0.569925
0.481052
0.408998
0.244530
0.394972
0.896532
0.735428
0.848133
0.478970
0.479731
0.413137
0.639302
0.757723
0.470154
0.876757
0.638213
0.862682
0.483785
0.381661
0.387161
0.473586
0.774262
0.690952
0.828886
0.451790
0.381334
0.588752
0.262147
0.353070
0.037353
0.389298
0.003512
0.250048
0.181335
0.169266
0.490538
0.317889
0.146173
0.161584
0.519617
0.339245
0.151606
0.443551
0.592069
0.167316
0.960622
0.382785
0.154634
0.448923
0.421667
0.163113
0.949879
0.539648
0.848038
0.478467
0.949686
0.703472
0.732451
0.825956
0.899294
0.743991
0.529835
0.618080
0.833596
0.899414
0.694886
0.595289
0.390115
0.953048
0.937131
0.825211
0.710041
0.579367
0.231504
0.749450
0.905701
0.886417
0.685163
0.415774
0.679167
0.960038
0.876388
0.273230
0.695276
0.200855
0.801038
0.805005
0.739464
0.465917
0.831192
0.585384
0.200115
0.276809
0.588295
0.695118
0.798409
0.526399
0.840654
0.269147
0.927112
0.324762
0.244509
0.752568
0.250048
0.572946
0.862552
0.920387
0.233716
0.360393
0.221333
0.941738
0.690681
0.750568
0.818116
0.854294
0.363712
0.307564
0.198199
0.600334
0.417815
0.912011
0.856570
0.556888
0.373606
0.407725
0.113678
0.922912
0.443173
0.897599
0.291548
0.920101
0.273396
0.452485
0.766388
0.415634
0.467573
0.906028
0.568769
0.918694
0.305294
0.297811
0.140979
0.485579
0.464535
0.420425
0.473658
0.889546
0.650048
0.913342
0.205288
0.428071
0.526143
0.574366
0.603603
0.438809
0.259117
0.625128
0.922572
0.150915
0.646426
0.905504
0.111180
0.768633
0.196541
0.344859
0.659411
0.420672
0.221459
0.210247
0.911575
0.899096
0.791391
0.676379
0.849840
0.197345
0.957025
0.226735
0.183073
0.830461
0.199830
0.350941
0.410577
0.956780
0.921491
0.667418
0.668377
0.812187
0.158034
0.593537
0.297710
0.198849
0.218892
0.389657
0.480211
0.719069
0.957460
0.794360
0.767624
0.667192
0.659476
0.913946
0.327774
0.341512
0.415705
0.416472
0.758418
0.968609
0.791496
0.323685
0.688660
0.669431
0.469736
0.945669
0.420748
0.311261
0.583543
0.401001
0.522736
0.125915
0.359989
0.908157
0.931600
0.673740
0.383536
0.643967
0.498809
0.409193
0.944313
0.456154
0.329639
0.347467
0.239878
0.183644
0.376540
0.372524
0.231506
0.637876
0.331017
0.504679
0.241526
0.941812
0.217667
0.605221
0.492633
0.626595
0.649227
0.682187
0.282192
0.790152
0.643518
0.452823
0.246210
0.459876
0.958867
0.484938
0.532385
0.286241
0.603551
0.343730
0.729208
0.397114
0.440762
0.207098
0.601858
0.737099
0.885927
0.701911
0.644213
0.589301
0.604818
0.844202
0.308599
0.163478
0.577953
0.415109
0.443436
0.659247
0.579011
0.513500
0.311988
0.733932
0.426734
0.461864
0.399101
0.432206
0.741499
0.626583
0.336308
0.382096
0.545578
0.475324
0.844788
0.200275
0.247728
0.669354
0.431968
0.685565
0.459152
0.678862
0.401617
0.388727
0.889300
0.687568
0.704588
0.691935
0.355633
0.240085
0.707817
0.468610
0.772212
0.277918
0.374246
0.591846
0.193436
0.350992
0.236091
0.806934
0.192673
0.719187
0.580720
0.241529
0.983302
0.717592
0.826227
0.323377
0.224498
0.401469
0.461690
0.506369
0.910117
0.616714
0.814774
0.867002
0.764169
0.532486
0.458130
0.302715
0.927013
0.583286
0.352429
0.905859
0.783959
0.238924
0.376068
0.459950
0.845669
0.709610
0.483856
0.701212
0.400305
0.684933
0.662532
0.122577
0.473970
0.820655
0.799435
0.917423
0.718756
0.561217
0.459918
0.708951
0.421474
0.717636
0.869154
0.446894
0.239059
0.699243
0.192116
0.718199
0.400130
0.252448
0.589226
0.329736
0.538331
0.404030
0.720926
0.968960
0.766863
0.616474
0.604265
0.704664
0.422562
0.753523
0.613267
0.304714
0.687897
0.935593
0.591919
0.276213
0.671535
0.931305
0.590849
0.276752
0.699838
0.929370
0.264751
0.281411
0.688233
0.932088
0.608540
0.352747
0.273246
0.693625
0.937371
0.331969
0.565005
0.275325
0.403635
0.280397
0.669655
0.939622
0.605693
0.210194
0.306990
0.283990
0.691119
0.380164
0.944204
0.619199
0.232194
0.344175
0.274544
0.689800
0.433027
0.945805
0.606337
0.312710
0.496058
0.273293
0.702485
0.209112
0.930907
0.604940
0.172612
0.504507
0.274428
0.701561
0.641673
0.938331
0.609476
0.116001
0.459686
0.273730
0.689695
0.693037
0.942282
0.460061
0.131137
0.443959
0.291724
0.691161
0.297603
0.941083
0.564014
0.389499
0.276037
0.681186
0.241664
0.267059
0.930231
0.605343
0.273065
0.690873
0.232686
0.228347
0.937303
0.564437
0.276332
0.673481
0.283169
0.359054
0.926829
0.564793
0.277211
0.671590
0.233135
0.206419
0.942094
0.564809
0.276287
0.679492
0.201746
0.918619
0.229829
0.564735
0.276742
0.669992
0.186547
0.931279
0.137793
0.564376
0.276456
0.677856
0.937366
0.155472
0.590436
0.277136
0.696931
0.928765
0.257667
0.610557
0.286047
0.690225
0.125696
0.932888
0.561876
0.275309
0.678944
0.156528
0.930696
0.570922
0.258381
0.700294
0.202053
0.925406
0.572920
0.254077
0.700474
0.144118
0.922056
0.282673
0.273789
0.678877
0.245597
0.929300
0.573791
0.261737
0.698610
0.466856
0.928455
0.297137
0.562328
0.275946
0.677110
0.286192
0.935384
0.201541
0.563252
0.276892
0.674601
0.924731
0.164399
0.561683
0.275921
0.675780
0.926137
0.159710
0.619196
0.294197
0.691483
0.921747
0.157517
0.603560
0.271487
0.695215
0.918112
0.151877
0.611637
0.293623
0.696878
0.920921
0.587429
0.257913
0.699758
0.942369
0.304999
0.308521
0.691282
0.931134
0.587415
0.275173
0.672060
0.929482
0.601722
0.275940
0.700511
0.945151
0.561490
0.275000
0.677339
0.935443
0.560937
0.275457
0.669786
0.935395
0.560624
0.275822
0.679825
0.929373
0.617704
0.293821
0.692478
0.942707
0.524053
0.090169
0.770204
0.813669
0.179005
0.342827
0.189273
0.155531
0.386304
0.195571
0.190621
0.622139
0.712343
0.763786
0.696524
0.313397
0.289962
0.459966
0.699880
0.555844
0.210659
0.668092
0.316594
0.429211
0.239159
0.265976
0.208960
0.601061
0.678945
0.933461
0.520010
0.175262
0.369683
0.294853
0.446130
0.291967
0.587064
0.602374
0.205035
0.707485
0.407791
0.553484
0.189609
0.194092
0.433754
0.500658
0.578964
0.765348
0.626877
0.567957
0.435096
0.331475
0.493378
0.443714
0.425305
0.267449
0.520610
0.772216
0.689032
0.458737
0.256234
0.272973
0.498032
0.395119
0.602375
0.895526
0.511497
0.312552
0.407836
0.841752
0.215262
0.760393
0.220253
0.624606
0.930095
0.443460
0.199300
0.290123
0.412415
0.656151
0.240536
0.803615
0.385505
0.177120
0.582640
0.408743
0.745151
0.186831
0.539062
0.702989
0.461280
0.744621
0.408843
0.297655
0.208117
0.423647
0.491411
0.218065
0.497181
0.399554
0.359048
0.427357
0.640340
0.630355
0.263937
0.862441
0.178417
0.374863
0.378586
0.688534
0.605421
0.744259
0.280832
0.356949
0.434400
0.464684
0.138547
0.395065
0.829416
0.260907
0.806972
0.849142
0.729414
0.706046
0.665844
0.761208
0.455990
0.524444
0.395872
0.183959
0.649066
0.356514
0.540190
0.221818
0.180696
0.691376
0.339389
0.495231
0.825764
0.640265
0.341869
0.356444
0.149184
0.192330
0.346541
0.497662
0.664938
0.840367
0.759519
0.505743
0.720513
0.302095
0.394665
0.709272
0.579848
0.222722
0.179565
0.193774
0.420873
0.819602
0.597650
0.535135
0.381992
0.315590
0.417514
0.264357
0.895871
0.491180
0.762475
0.647193
0.723330
0.639411
0.432415
0.233751
0.781634
0.210033
0.207671
0.604483
0.320421
0.226867
0.310550
0.232429
0.877856
0.451789
0.812204
0.358396
0.552815
0.119823
0.257674
0.400920
0.644946
0.637389
0.891910
0.138767
0.510042
0.437030
0.151935
0.462981
0.375784
0.724967
0.466239
0.208872
0.253140
0.445484
0.121256
0.461678
0.211793
0.578621
0.574604
0.409501
0.158989
0.287759
0.416735
0.723188
0.730410
0.506884
0.648471
0.419924
0.281641
0.433357
0.740221
0.510073
0.266143
0.512546
0.448288
0.908052
0.067093
0.592663
0.363103
0.618469
0.289901
0.277464
0.445825
0.398087
0.583638
0.931320
0.118418
0.451142
0.206944
0.448611
0.634023
0.343679
0.564969
0.433378
0.426489
0.274780
0.305202
0.775302
0.751499
0.148894
0.654319
0.559044
0.884991
0.107526
0.713441
0.504585
0.462261
0.849117
0.463879
0.441086
0.574391
0.911776
0.676698
0.686675
0.296377
0.787570
0.664305
0.220739
0.319253
0.461626
0.750680
0.807800
0.817900
0.174826
0.558365
0.587805
0.803116
0.532383
0.172552
0.813312
0.328034
0.516313
0.188582
0.833215
0.601887
0.316444
0.371802
0.220144
0.859854
0.791941
0.444868
0.361101
0.662961
0.732100
0.339487
0.369814
0.796148
0.662843
0.722565
0.262111
0.810465
0.210874
0.424796
0.392779
0.839199
0.712898
0.812543
0.746414
0.443261
0.267882
0.815424
0.300593
0.471786
0.661224
0.473091
0.590789
0.665187
0.734062
0.424139
0.344157
0.402244
0.740538
0.848242
0.662802
0.317234
0.883622
0.204246
0.674953
0.321522
0.605811
0.238320
0.426271
0.276678
0.276815
0.378664
0.839375
0.850432
0.586548
0.563934
0.429794
0.234090
0.696813
0.228255
0.278479
0.811005
0.342932
0.645675
0.670646
0.548995
0.365874
0.834429
0.851478
0.811380
0.737851
0.450361
0.556974
0.654807
0.593222
0.256069
0.307538
0.654534
0.477358
0.330021
0.501647
0.382083
0.584116
0.875804
0.638154
0.436810
0.507210
0.831522
0.598656
0.596141
0.349979
0.423823
0.250407
0.782037
0.707307
0.897980
0.253834
0.793202
0.439509
0.373507
0.605009
0.260023
0.666925
0.499144
0.396156
0.742155
0.374642
0.897902
0.284611
0.863812
0.916132
0.495367
0.244941
0.570501
0.379318
0.723173
0.181005
0.172460
0.264764
0.812793
0.367307
0.652245
0.403955
0.859423
0.363662
0.478895
0.317070
0.477106
0.719274
0.276689
0.207055
0.323300
0.565264
0.623683
0.348847
0.755764
0.629707
0.660721
0.266669
0.379612
0.449159
0.882641
0.632576
0.548630
0.828731
0.222412
0.378141
0.396546
0.757346
0.406559
0.461762
0.491367
0.399917
0.210036
0.368093
0.572889
0.317262
0.907392
0.521507
0.627422
0.250504
0.400029
0.531888
0.769702
0.679145
0.235567
0.351688
0.283689
0.615376
0.101553
0.417628
0.941360
0.620217
0.453346
0.417542
0.283819
0.349050
0.685121
0.488835
0.720790
0.530716
0.365436
0.591750
0.322317
0.241935
0.591815
0.363967
0.176447
0.578409
0.835888
0.461036
0.443543
0.546720
0.303659
0.424147
0.652709
0.442976
0.781318
0.163774
0.600889
0.304740
0.865259
0.374168
0.493417
0.194129
0.495676
0.390399
0.540040
0.783084
0.505213
0.746093
0.292723
0.576728
0.693913
0.676986
0.605279
0.321636
0.779427
0.426235
0.450788
0.167242
0.448129
0.722063
0.784294
0.633784
0.479520
0.691002
0.662022
0.635803
0.694062
0.624393
0.233054
0.358996
0.381357
0.279473
0.162596
0.812173
0.665019
0.516754
0.385676
0.852171
0.681166
0.753120
0.680929
0.616744
0.390058
0.791980
0.641691
0.743969
0.762279
0.304579
0.237493
0.774293
0.277784
0.432126
0.733961
0.146755
0.202153
0.382443
0.741502
0.655266
0.174093
0.327627
0.711657
0.725292
0.536604
0.272508
0.654478
0.738646
0.808835
0.223757
0.511672
0.420695
0.845449
0.500675
0.297994
0.466164
0.484828
0.714693
0.335491
0.512645
0.494960
0.131273
0.480568
0.575109
0.795825
0.291065
0.362417
0.645919
0.645870
0.502853
0.742522
0.731357
0.892670
0.531267
0.628361
0.330066
0.137215
0.456066
0.611633
0.836764
0.317705
0.538515
0.565484
0.529562
0.475132
0.790571
0.199881
0.188901
0.304557
0.616458
0.506108
0.430113
0.724619
0.520212
0.439687
0.580957
0.684705
0.924750
0.256870
0.459721
0.545985
0.239096
0.831818
0.583467
0.742165
0.471970
0.268877
0.937472
0.209459
0.361723
0.539204
0.396641
0.790066
0.337513
0.187969
0.624321
0.279826
0.344656
0.402769
0.212777
0.623345
0.669935
0.379519
0.388255
0.187665
0.606262
0.580345
0.417914
0.462587
0.144164
0.437168
0.678302
0.418783
0.424811
0.158587
0.126263
0.279055
0.486013
0.192925
0.389536
0.641075
0.650091
0.553468
0.342644
0.378624
0.725037
0.529748
0.389443
0.148929
0.279639
0.498663
0.289172
0.166995
0.525414
0.676369
0.763341
0.333316
0.188236
0.701496
0.835379
0.800290
0.570482
0.187431
0.888516
0.846257
0.862712
0.451375
0.190738
0.897537
0.598116
0.870642
0.354073
0.354136
0.333439
0.644628
0.302692
0.426856
0.418204
0.363834
0.943314
0.951771
0.258371
0.359289
0.934620
0.810300
0.298711
0.234116
0.797431
0.898158
0.638253
0.305435
0.307414
0.267347
0.444059
0.282628
0.907781
0.568679
0.193419
0.773686
0.865348
0.660291
0.618769
0.202226
0.747018
0.653533
0.351576
0.559069
0.311150
0.767652
0.638688
0.668277
0.503438
0.309203
0.559206
0.624096
0.663313
0.544189
0.346300
0.666798
0.291841
0.627048
0.303060
0.239764
0.264084
0.585235
0.267795
0.720445
0.678238
0.735137
0.309895
0.876881
0.263586
0.708298
0.660518
0.763510
0.260783
0.551834
0.287309
0.211839
0.652710
0.679588
0.315758
0.316156
0.548934
0.247863
0.239711
0.642499
0.302778
0.565181
0.235688
0.904832
0.269128
0.339607
0.650412
0.247092
0.302969
0.148906
0.545672
0.287681
0.221248
0.847917
0.225986
0.302817
0.233592
0.556188
0.329371
0.863852
0.192659
0.302977
0.181960
0.391277
0.221625
0.131728
0.858358
0.196967
0.302868
0.272741
0.396768
0.234868
0.193104
0.858976
0.205153
0.302903
0.275296
0.397410
0.864223
0.203234
0.651564
0.348424
0.417055
0.230589
0.204129
0.867142
0.218649
0.623271
0.189179
0.417773
0.178056
0.866287
0.630486
0.199556
0.345628
0.413320
0.198320
0.853713
0.607329
0.326849
0.411871
0.244809
0.866195
0.488057
0.287823
0.388838
0.873072
0.490512
0.574738
0.205359
0.367003
0.866647
0.466877
0.569904
0.232948
0.398047
0.861104
0.584652
0.239809
0.524190
0.369563
0.863052
0.721442
0.590767
0.518362
0.244639
0.000000
0.514938
0.000000
0.378432
0.007413
0.189668
0.728334
0.128133
0.371838
0.168246
0.655000
0.690199
0.641113
0.806863
0.153286
0.706929
0.774704
0.000000
0.000000
0.877190
0.961344
0.872215
0.595756
0.809978
0.922366
0.517202
0.815027
0.403714
0.308241
0.775463
0.363279
0.665632
0.153766
0.722514
0.166026
0.490576
0.696399
0.154571
0.691810
0.651753
0.224252
0.535754
0.732012
0.249377
0.419204
0.716013
0.250903
0.420800
0.276296
0.665932
0.323499
0.281185
0.321773
0.318424
0.327694
0.229627
0.731436
0.861882
0.696543
0.468285
0.233380
0.196424
0.344950
0.169536
0.411660
0.884270
0.798231
0.138364
0.501983
0.296488
0.445862
0.160903
0.886824
0.872894
0.727705
0.158992
0.588509
0.706349
0.133294
0.246884
0.912235
0.795289
0.178264
0.500192
0.149811
0.654704
0.915277
0.697310
0.895425
0.944388
0.175576
0.539355
0.685119
0.856008
0.931013
0.733760
0.308178
0.894148
0.808583
0.572681
0.669526
0.870603
0.861855
0.761921
0.942637
0.838402
0.243663
0.160676
0.714278
0.668599
0.159434
0.927852
0.129100
0.942165
0.737150
0.918249
0.945451
0.151234
0.207647
0.261174
0.445701
0.145148
0.347545
0.868658
0.429938
0.360829
0.950927
0.258614
0.727064
0.544423
0.459351
0.889490
0.748556
0.115292
0.165976
0.640853
0.876671
0.472255
0.389606
0.784988
0.846084
0.586725
0.179302
0.882249
0.245371
0.314489
0.261870
0.591507
0.540187
0.278198
0.570691
0.790916
0.371616
0.155952
0.430952
0.449740
0.254280
0.399656
0.337500
0.701026
0.413506
0.235454
0.166595
0.924615
0.258435
0.546558
0.750447
0.263465
0.563590
0.283166
0.578696
0.490900
0.602273
0.877502
0.360948
0.142362
0.494612
0.712329
0.202280
0.500405
0.557899
0.534551
0.684048
0.401660
0.372868
0.403919
0.831438
0.453440
0.472004
0.252270
0.646878
0.428784
0.262787
0.585860
0.450791
0.859743
0.275936
0.121077
0.820908
0.227777
0.813610
0.684684
0.438039
0.591609
0.332760
0.332747
0.502651
0.704150
0.295526
0.794936
0.409775
0.322147
0.568986
0.522512
0.793725
0.613593
0.262269
0.846045
0.443380
0.278026
0.704337
0.420531
0.788926
0.730138
0.497272
0.563133
0.301920
0.385046
0.773841
0.606866
0.491492
0.108884
0.668421
0.705399
0.272370
0.688675
0.491472
0.803271
0.520684
0.624220
0.850010
0.912640
0.408947
0.249958
0.653583
0.293438
0.632418
0.751795
0.640884
0.726484
0.367593
0.494671
0.809163
0.732357
0.279856
0.769724
0.463862
0.666738
0.682040
0.918903
0.597970
0.714333
0.625744
0.459017
0.571056
0.284028
0.748727
0.331893
0.910271
0.752983
0.373406
0.599749
0.854668
0.361357
0.393003
0.858740
0.461097
0.269454
0.762636
0.344333
0.309302
0.613311
0.710774
0.777785
0.740176
0.652017
0.639961
0.817294
0.895551
0.608159
0.730576
0.493656
0.299345
0.839939
0.660544
0.803566
0.859575
0.360955
0.178640
0.551305
0.824143
0.314859
0.438177
0.801707
0.415632
0.666108
0.758999
0.901251
0.844533
0.612309
0.606023
0.861730
0.748090
0.736783
0.595406
0.718674
0.549352
0.260263
0.651173
0.650583
0.624547
0.733509
0.397991
0.607150
0.542309
0.527000
0.825473
0.246600
0.465426
0.374451
0.554850
0.771133
0.497726
0.732449
0.795511
0.673881
0.855341
0.422245
0.861802
0.238485
0.608220
0.728982
0.520027
0.643455
0.667603
0.641703
0.849607
0.366356
0.636874
0.711474
0.748686
0.355223
0.529656
0.671524
0.216882
0.392239
0.776296
0.693042
0.682564
0.737656
0.725779
0.448524
0.778969
0.925778
0.855803
0.580671
0.625564
0.711790
0.753273
0.716860
0.858609
0.489204
0.344072
0.765351
0.724541
0.221734
0.201533
0.445715
0.666307
0.598896
0.226696
0.331472
0.658014
0.820649
0.765621
0.398550
0.627745
0.273325
0.803828
0.777770
0.865048
0.551757
0.410421
0.686066
0.680261
0.699973
0.876589
0.361475
0.683946
0.230204
0.798307
0.239236
0.748666
0.689487
0.762225
0.420617
0.746577
0.576437
0.844038
0.636695
0.646456
0.691349
0.260455
0.611283
0.591155
0.813584
0.728517
0.480812
0.637377
0.507172
0.857009
0.759853
0.613357
0.778989
0.681503
0.231745
0.855114
0.430760
0.693664
0.850340
0.443367
0.772298
0.734020
0.720403
0.744782
0.236159
0.776293
0.625360
0.773413
0.856784
0.761876
0.613885
0.932996
0.295559
0.633523
0.553222
0.136871
0.944612
0.707843
0.846870
0.638065
0.742323
0.873646
0.320882
0.297035
0.680654
0.860912
0.455398
0.664575
0.748658
0.540832
0.790299
0.798430
0.561810
0.562914
0.620890
0.709918
0.899401
0.885884
0.902040
0.251997
0.520073
0.650053
0.871532
0.484232
0.255531
0.853182
0.171403
0.488470
0.862975
0.725717
0.573899
0.314059
0.675081
0.823121
0.670274
0.391695
0.719395
0.640336
0.483390
0.864234
0.662152
0.681561
0.757003
0.565798
0.711288
0.866309
0.935070
0.636590
0.662343
0.444568
0.740777
0.554967
0.367774
0.821938
0.148013
0.351249
0.882799
0.680066
0.528404
0.247469
0.815629
0.849362
0.683702
0.592038
0.703681
0.616101
0.537186
0.628297
0.527826
0.922407
0.599601
0.518931
0.740566
0.728559
0.874190
0.276613
0.709593
0.568380
0.710146
0.400777
0.776401
0.584206
0.538513
0.737212
0.184635
0.663367
0.386304
0.748602
0.745963
0.634181
0.415140
0.834487
0.612629
0.353257
0.720663
0.763611
0.929959
0.542218
0.704988
0.612423
0.850866
0.164629
0.612054
0.315618
0.371790
0.391580
0.690456
0.837908
0.751987
0.729718
0.542008
0.784836
0.686821
0.628462
0.515849
0.780383
0.738234
0.172297
0.463407
0.237727
0.703981
0.930935
0.842778
0.528720
0.277217
0.212170
0.242820
0.769487
0.363887
0.721503
0.217156
0.870611
0.743177
0.424908
0.741471
0.844961
0.704095
0.241150
0.907620
0.718210
0.563743
0.200950
0.875983
0.544067
0.821216
0.552520
0.819400
0.846955
0.418232
0.412788
0.861812
0.241931
0.652189
0.516267
0.532950
0.613669
0.793908
0.612171
0.822632
0.749195
0.224740
0.668710
0.767599
0.159204
0.917523
0.404282
0.758503
0.810734
0.361919
0.866567
0.679730
0.797365
0.548999
0.405654
0.516094
0.524245
0.931665
0.175001
0.582825
0.904114
0.697514
0.312351
0.378323
0.200882
0.932451
0.163323
0.276374
0.406942
0.802098
0.788357
0.177717
0.932504
0.765048
0.264478
0.512903
0.292846
0.261659
0.853211
0.158399
0.654560
0.631665
0.233360
0.279983
0.924811
0.200893
0.867582
0.167521
0.807140
0.375795
0.857898
0.127569
0.804898
0.575178
0.362261
0.863047
0.350026
0.289273
0.469012
0.174137
0.717201
0.209417
0.702811
0.528357
0.718340
0.137663
0.058366
0.978509
0.201427
0.894151
0.401125
0.164166
0.747305
0.850701
0.824366
0.458191
0.453063
0.881661
0.319327
0.794336
0.618955
0.690865
0.221533
0.302890
0.023576
0.877277
0.651412
0.928837
0.399428
0.793751
0.821129
0.714924
0.444378
0.477434
0.269502
0.513314
0.300851
0.634186
0.355364
0.541225
0.515094
0.274518
0.318913
0.192737
0.762761
0.901055
0.456598
0.393424
0.699959
0.242904
0.827625
0.739640
0.374591
0.632386
0.797454
0.329265
0.802638
0.270370
0.208592
0.571359
0.202172
0.157033
0.510207
0.380644
0.877547
0.453262
0.368486
0.193807
0.825943
0.715726
0.241948
0.674524
0.771996
0.305805
0.964048
0.297542
0.209002
0.671757
0.471605
0.208291
0.509078
0.288651
0.520868
0.387685
0.290443
0.934336
0.438657
0.177025
0.875812
0.772604
0.230001
0.714769
0.770031
0.375600
0.902813
0.530072
0.578536
0.574652
0.214836
0.619432
0.418384
0.235054
0.382565
0.765683
0.435907
0.894221
0.761903
0.585972
0.708884
0.242502
0.176292
0.635978
0.800548
0.475716
0.542124
0.212234
0.511665
0.596789
0.383251
0.224446
0.411751
0.932453
0.422312
0.881985
0.726400
0.612202
0.669232
0.198438
0.736292
0.853803
0.466526
0.513034
0.069727
0.546022
0.244898
0.209659
0.953640
0.855852
0.657231
0.763520
0.453107
0.749879
0.696660
0.855486
0.441686
0.438574
0.314344
0.655346
0.144265
0.154341
0.463637
0.253874
0.871361
0.378083
0.775932
0.632960
0.779578
0.582782
0.523847
0.324904
0.589814
0.574262
0.439068
0.915589
0.167302
0.580655
0.445745
0.658934
0.226040
0.222715
0.251143
0.584626
0.518230
0.285257
0.258124
0.133906
0.199910
0.332523
0.617918
0.472093
0.250340
0.713343
0.086010
0.201743
0.783966
0.262916
0.181481
0.689312
0.342847
0.169109
0.691736
0.226049
0.201423
0.355133
0.171806
0.462627
0.391513
0.187339
0.240954
0.397493
0.259645
0.227394
0.332804
0.328328
0.261213
0.329724
0.185738
0.653345
0.220638
0.240678
0.253861
0.371791
0.532932
0.254267
0.331394
0.241617
0.290006
0.278301
0.000000
0.276649
0.162835
0.324254
0.566357
0.253230
0.196794
0.231649
0.252841
0.266117
0.211484
0.264084
0.201568
0.279673
0.268490
0.220595
0.407273
0.188402
0.274684
0.173344
0.263522
0.389933
0.522528
0.401658
0.212028
0.352859
0.270077
0.662830
0.186954
0.852417
0.178978
0.819989
0.223977
0.157526
0.814736
0.227508
0.328968
0.226984
0.155041
0.689187
0.210237
0.166847
0.182283
0.182351
0.152877
0.159266
0.170709
0.271146
0.776285
0.137584
0.810702
0.151400
0.835589
0.166964
0.896616
0.637994
0.235865
0.452197
0.696789
0.961849
0.321691
0.612302
0.452883
0.739551
0.409287
0.496855
0.454247
0.688803
0.749299
0.672841
0.454876
0.724895
0.236017
0.673157
0.294892
0.408816
0.302863
0.168964
0.741986
0.603074
0.408469
0.241548
0.845046
0.933294
0.523278
0.435753
0.292644
0.459081
0.911126
0.235500
0.348130
0.416095
0.355678
0.874868
0.401537
0.899622
0.372308
0.406151
0.604577
0.400862
0.371683
0.863264
0.510875
0.620076
0.537624
0.367022
0.887718
0.337573
0.243883
0.839366
0.807955
0.659534
0.178488
0.329043
0.517493
0.233866
0.445487
0.243837
0.907679
0.704959
0.647615
0.607022
0.349865
0.384284
0.796048
0.349392
0.479849
0.464472
0.238502
0.668799
0.376835
0.608511
0.379019
0.626256
0.148353
0.473037
0.749234
0.945051
0.427095
0.789011
0.525174
0.229792
0.370519
0.834266
0.139910
0.545195
0.578214
0.907850
0.417469
0.901668
0.458335
0.180512
0.381521
0.505022
0.140104
0.513031
0.850281
0.911461
0.362469
0.889513
0.204174
0.150497
0.360484
0.872777
0.392331
0.232633
0.838333
0.820370
0.707785
0.404092
0.858257
0.669261
0.148285
0.931120
0.435586
0.938218
0.779783
0.916251
0.863589
0.560458
0.167040
0.863087
0.406267
0.507984
0.734715
0.440569
0.228276
0.236005
0.541599
0.447770
0.135778
0.912927
0.447648
0.224446
0.476007
0.757370
0.935271
0.802126
0.917229
0.183549
0.899746
0.688956
0.563030
0.417664
0.919941
0.920041
0.922385
0.329003
0.482955
0.135522
0.654042
0.470302
0.666674
0.639932
0.919731
0.924051
0.427483
0.688782
0.926214
0.137488
0.434506
0.541707
0.686451
0.440745
0.356884
0.898854
0.807151
0.424522
0.531810
0.710010
0.907855
0.395338
0.923144
0.683780
0.432870
0.880424
0.930439
0.879375
0.326577
0.746500
0.928502
0.141243
0.833504
0.928235
0.360500
0.228178
0.924087
0.392206
0.623697
0.411287
0.834737
0.128305
0.804632
0.980856
0.317077
0.426667
0.940846
0.386074
0.376885
0.444949
0.752346
0.134064
0.509937
0.897573
0.509561
0.967356
0.350200
0.764197
0.338200
0.894166
0.804925
0.157705
0.556402
0.361432
0.190855
0.497224
0.122049
0.413767
0.356428
0.476841
0.265780
0.722367
0.228960
0.492501
0.588930
0.606738
0.193126
0.828009
0.179441
0.506632
0.883106
0.113826
0.278668
0.897623
0.360340
0.922330
0.917606
0.949916
0.551059
0.937622
0.316255
0.901397
0.810977
0.755382
0.216403
0.479052
0.274163
0.226230
0.380193
0.348265
0.153107
0.198950
0.742148
0.226174
0.388484
0.322715
0.130496
0.170961
0.614062
0.226206
0.685039
0.260102
0.127083
0.168635
0.605624
0.260638
0.226163
0.462260
0.247872
0.142548
0.909422
0.275432
0.226430
0.443240
0.177496
0.138413
0.626362
0.231022
0.906404
0.708581
0.241641
0.142673
0.749129
0.241677
0.226191
0.359680
0.909278
0.127946
0.197855
0.895725
0.803618
0.153791
0.933809
0.179754
0.201662
0.870500
0.834062
0.544370
0.177421
0.881202
0.769206
0.637308
0.524800
0.758927
0.736246
0.500361
0.226371
0.348403
0.158661
0.744454
0.926036
0.138321
0.864371
0.798524
0.174560
0.524768
0.904713
0.201082
0.226160
0.772612
0.155995
0.866603
0.864873
0.365637
0.132854
0.755718
0.860828
0.364664
0.143684
0.545913
0.594278
0.372400
0.134620
0.474804
0.796948
0.909631
0.515748
0.315107
0.838961
0.857657
0.144036
0.526735
0.322319
0.860488
0.823822
0.804867
0.155104
0.912291
0.410758
0.635628
0.184515
0.914358
0.472833
0.856335
0.821685
0.800828
0.761514
0.891380
0.748028
0.653560
0.900408
0.919274
0.387357
0.897334
0.819053
0.854616
0.900500
0.836450
0.385640
0.902252
0.360372
0.830450
0.915794
0.865754
0.825795
0.911993
0.832112
0.830394
0.894058
0.852352
0.387957
0.915917
0.816160
0.388222
0.891302
0.813440
0.404834
0.914182
0.348476
0.392297
0.797683
0.902848
0.352913
0.711567
0.901703
0.810841
0.144263
0.830697
0.897388
0.835238
0.134381
0.410492
0.923839
0.820168
0.144020
