0.453562
0.533606
0.267375
0.132383
0.271286
0.215993
0.270847
0.264279
0.448965
0.337661
0.232686
0.342032
0.515870
0.410024
0.231735
0.253145
0.194038
0.839547
0.211531
0.384809
0.224300
0.818746
0.326737
0.856730
0.815820
0.825771
0.791374
0.253060
0.832949
0.877471
0.815473
0.748633
0.252795
0.252803
0.252598
0.252617
0.651763
0.252796
0.614413
0.745065
0.252843
0.867829
0.845960
0.790707
0.848133
0.862682
0.828886
0.389298
0.618080
0.953048
0.749450
0.679167
0.801038
0.588295
0.244509
0.221333
0.336308
0.458130
0.662532
0.589226
0.352747
0.331969
0.275325
0.403635
0.306990
0.344175
0.389499
0.466856
0.286192
0.239159
0.189609
0.256234
0.290123
0.423647
0.464684
0.339389
0.193774
0.239096
0.396641
0.187969
0.279826
0.212777
0.669935
0.187665
0.580345
0.144164
0.678302
0.158587
0.279055
0.389536
0.650091
0.342644
0.378624
0.725037
0.389443
0.148929
0.279639
0.289172
0.166995
0.525414
0.676369
0.333316
0.188236
0.701496
0.835379
0.570482
0.187431
0.888516
0.846257
0.451375
0.190738
0.897537
0.598116
0.354073
0.354136
0.333439
0.644628
0.426856
0.418204
0.363834
0.943314
0.258371
0.359289
0.934620
0.298711
0.234116
0.797431
0.898158
0.305435
0.307414
0.267347
0.444059
0.282628
0.568679
0.193419
0.773686
0.865348
0.618769
0.202226
0.747018
0.559069
0.311150
0.767652
0.503438
0.309203
0.559206
0.544189
0.346300
0.666798
0.291841
0.239764
0.264084
0.585235
0.267795
0.735137
0.309895
0.876881
0.263586
0.763510
0.260783
0.551834
0.287309
0.211839
0.315758
0.316156
0.548934
0.247863
0.239711
0.565181
0.235688
0.269128
0.339607
0.247092
0.148906
0.287681
0.221248
0.225986
0.233592
0.329371
0.192659
0.181960
0.221625
0.131728
0.196967
0.272741
0.234868
0.205153
0.275296
0.203234
0.348424
0.230589
0.218649
0.189179
0.199556
0.345628
0.198320
0.326849
0.244809
0.287823
0.574738
0.205359
0.569904
0.369563
0.590767
0.518362
0.514938
0.655000
0.690199
0.806863
0.722514
0.166026
0.490576
0.696399
0.154571
0.691810
0.651753
0.224252
0.535754
0.732012
0.249377
0.419204
0.716013
0.250903
0.420800
0.276296
0.665932
0.323499
0.281185
0.321773
0.318424
0.327694
0.229627
0.731436
0.861882
0.696543
0.468285
0.798231
0.727705
0.795289
0.944388
0.808583
0.838402
0.945451
0.748556
0.790916
0.877502
0.859743
0.846045
0.912640
0.459017
0.817294
0.748090
0.422245
0.925778
0.777770
0.591155
0.761876
0.899401
0.711288
0.386304
0.542008
0.424908
0.532950
0.658934
0.226040
0.251143
0.258124
0.133906
0.332523
0.713343
0.086010
0.181481
0.689312
0.342847
0.201423
0.355133
0.397493
0.259645
0.328328
0.261213
0.329724
0.653345
0.253861
0.290006
0.276649
0.324254
0.566357
0.253230
0.196794
0.231649
0.252841
0.266117
0.264084
0.274684
0.389933
0.401658
0.352859
0.270077
0.235865
0.696789
0.612302
0.739551
0.688803
0.724895
0.408816
0.302863
0.408469
0.241548
0.523278
0.435753
0.292644
0.235500
0.416095
0.355678
0.899622
0.406151
0.371683
0.620076
0.367022
0.337573
0.659534
0.329043
0.233866
0.647615
0.349865
0.349392
0.668799
0.608511
0.148353
0.789011
0.229792
0.139910
0.901668
0.180512
0.140104
0.889513
0.150497
0.392331
0.858257
0.148285
0.863589
0.167040
0.236005
0.135778
0.802126
0.183549
0.922385
0.427483
0.424522
0.326577
0.265780
0.588930
0.606738
0.828009
0.179441
0.506632
0.883106
0.113826
0.278668
0.897623
0.360340
0.922330
0.917606
0.949916
0.551059
0.316255
0.755382
0.274163
0.348265
0.322715
0.260102
0.260638
0.247872
0.275432
0.177496
0.231022
0.241641
0.241677
0.197855
0.201662
0.177421
0.524768
0.315107
0.322319
0.155104
0.184515
